0	800	800
1	800	800
2	800	800
3	800	800
4	800	800
5	800	800
6	800	800
7	800	800
8	800	800
9	800	800
10	800	800
11	800	800
12	800	800
13	800	800
14	800	800
15	800	800
16	800	800
17	800	800
18	800	800
19	800	800
20	800	800
21	800	800
22	800	800
23	800	800
24	800	800
25	800	800
26	800	800
27	800	800
28	800	800
29	800	800
30	800	800
31	800	800
32	800	800
33	800	800
34	800	800
35	800	800
36	800	800
37	800	800
38	800	800
39	800	800
40	800	800
41	800	800
42	800	800
43	800	800
44	800	800
45	800	800
46	800	800
47	800	800
48	800	800
49	800	800
50	800	800
51	800	800
52	800	800
53	800	800
54	800	800
55	800	800
56	800	800
57	800	800
58	800	800
59	800	800
60	800	800
61	800	800
62	800	800
63	800	800
64	800	800
65	800	800
66	800	800
67	800	800
68	800	800
69	800	800
70	800	800
71	800	800
72	800	800
73	800	800
74	800	800
75	800	800
76	800	800
77	800	800
78	800	800
79	800	800
80	800	800
81	800	800
82	800	800
83	800	800
84	800	800
85	800	800
86	800	800
87	800	800
88	800	800
89	800	800
90	800	800
91	800	800
92	800	800
93	800	800
94	800	800
95	800	800
96	800	800
97	800	800
98	800	800
99	800	800
100	800	800
101	800	800
102	800	800
103	800	800
104	800	800
105	800	800
106	800	800
107	800	800
108	800	800
109	800	800
110	800	800
111	800	800
112	800	800
113	800	800
114	800	800
115	800	800
116	800	800
117	800	800
118	800	800
119	800	800
120	800	800
121	800	800
122	800	800
123	800	800
124	800	800
125	800	800
126	800	800
127	800	800
128	800	800
129	800	800
130	800	800
131	800	800
132	800	800
133	800	800
134	800	800
135	800	800
136	800	800
137	800	800
138	800	800
139	800	800
140	800	800
141	800	800
142	800	800
143	800	800
144	800	800
145	800	800
146	800	800
147	800	800
148	800	800
149	800	800
150	800	800
151	800	800
152	800	800
153	800	800
154	800	800
155	800	800
156	800	800
157	800	800
158	800	800
159	800	800
160	800	800
161	800	800
162	800	800
163	800	800
164	800	800
165	800	800
166	800	800
167	800	800
168	800	800
169	800	800
170	800	800
171	800	800
172	800	800
173	800	800
174	800	800
175	800	800
176	800	800
177	800	800
178	800	800
179	800	800
180	800	800
181	800	800
182	800	800
183	800	800
184	800	800
185	800	800
186	800	800
187	800	800
188	800	800
189	800	800
190	800	800
191	800	800
192	800	800
193	800	800
194	800	800
195	800	800
196	800	800
197	800	800
198	800	800
199	800	800
200	800	800
201	800	800
202	800	800
203	800	800
204	800	800
205	800	800
206	800	800
207	800	800
208	800	800
209	800	800
210	800	800
211	800	800
212	800	800
213	800	800
214	800	800
215	800	800
216	800	800
217	800	800
218	800	800
219	800	800
220	800	800
221	800	800
222	800	800
223	800	800
224	800	800
225	800	800
226	800	800
227	800	800
228	800	800
229	800	800
230	800	800
231	800	800
232	800	800
233	800	800
234	800	800
235	800	800
236	800	800
237	800	800
238	800	800
239	800	800
240	800	800
241	800	800
242	800	800
243	800	800
244	800	800
245	800	800
246	800	800
247	800	800
248	800	800
249	800	800
250	800	800
251	800	800
252	800	800
253	800	800
254	800	800
255	800	800
256	800	800
257	800	800
258	800	800
259	800	800
260	800	800
261	800	800
262	800	800
263	800	800
264	800	800
265	800	800
266	800	800
267	800	800
268	800	800
269	800	800
270	800	800
271	800	800
272	800	800
273	800	800
274	800	800
275	800	800
276	800	800
277	800	800
278	800	800
279	800	800
280	800	800
281	800	800
282	800	800
283	800	800
284	800	800
285	800	800
286	800	800
287	800	800
288	800	800
289	800	800
290	800	800
291	800	800
292	800	800
293	800	800
294	800	800
295	800	800
296	800	800
297	800	800
298	800	800
299	800	800
300	800	800
301	800	800
302	800	800
303	800	800
304	800	800
305	800	800
306	800	800
307	800	800
308	800	800
309	800	800
310	800	800
311	800	800
312	800	800
313	800	800
314	800	800
315	800	800
316	800	800
317	800	800
318	800	800
319	800	800
320	800	800
321	800	800
322	800	800
323	800	800
324	800	800
325	800	800
326	800	800
327	800	800
328	800	800
329	800	800
330	800	800
331	800	800
332	800	800
333	800	800
334	800	800
335	800	800
336	800	800
337	800	800
338	800	800
339	800	800
340	800	800
341	800	800
342	800	800
343	800	800
344	800	800
345	800	800
346	800	800
347	800	800
348	800	800
349	800	800
350	800	800
351	800	800
352	800	800
353	800	800
354	800	800
355	800	800
356	800	800
357	800	800
358	800	800
359	800	800
360	800	800
361	800	800
362	800	800
363	800	800
364	800	800
365	800	800
366	800	800
367	800	800
368	800	800
369	800	800
370	800	800
371	800	800
372	800	800
373	800	800
374	800	800
375	800	800
376	800	800
377	800	800
378	800	800
379	800	800
380	800	800
381	800	800
382	800	800
383	800	800
384	800	800
385	800	800
386	800	800
387	800	800
388	800	800
389	800	800
390	800	800
391	800	800
392	800	800
393	800	800
394	800	800
395	800	800
396	800	800
397	800	800
398	800	800
399	800	800
400	800	800
401	800	800
402	800	800
403	800	800
404	800	800
405	800	800
406	800	800
407	800	800
408	800	800
409	800	800
410	800	800
411	800	800
412	800	800
413	800	800
414	800	800
415	800	800
416	800	800
417	800	800
418	800	800
419	800	800
420	800	800
421	800	800
422	800	800
423	800	800
424	800	800
425	800	800
426	800	800
427	800	800
428	800	800
429	800	800
430	800	800
431	800	800
432	800	800
433	800	800
434	800	800
435	800	800
436	800	800
437	800	800
438	800	800
439	800	800
440	800	800
441	800	800
442	800	800
443	800	800
444	800	800
445	800	800
446	800	800
447	800	800
448	800	800
449	800	800
450	800	800
451	800	800
452	800	800
453	800	800
454	800	800
455	800	800
456	800	800
457	800	800
458	800	800
459	800	800
460	800	800
461	800	800
462	800	800
463	800	800
464	800	800
465	800	800
466	800	800
467	800	800
468	800	800
469	800	800
470	800	800
471	800	800
472	800	800
473	800	800
474	800	800
475	800	800
476	800	800
477	800	800
478	800	800
479	800	800
480	800	800
481	800	800
482	800	800
483	800	800
484	800	800
485	800	800
486	800	800
487	800	800
488	800	800
489	800	800
490	800	800
491	800	800
492	800	800
493	800	800
494	800	800
495	800	800
496	800	800
497	800	800
498	800	800
499	800	800
500	800	800
501	800	800
502	800	800
503	800	800
504	800	800
505	800	800
506	800	800
507	800	800
508	800	800
509	800	800
510	800	800
511	800	800
512	800	800
513	800	800
514	800	800
515	800	800
516	800	800
517	800	800
518	800	800
519	800	800
520	800	800
521	800	800
522	800	800
523	800	800
524	800	800
525	800	800
526	800	800
527	800	800
528	800	800
529	800	800
530	800	800
531	800	800
532	800	800
533	800	800
534	800	800
535	800	800
536	800	800
537	800	800
538	800	800
539	800	800
540	800	800
541	800	800
542	800	800
543	800	800
544	800	800
545	800	800
546	800	800
547	800	800
548	800	800
549	800	800
550	800	800
551	800	800
552	800	800
553	800	800
554	800	800
555	800	800
556	800	800
557	800	800
558	800	800
559	800	800
560	800	800
561	800	800
562	800	800
563	800	800
564	800	800
565	800	800
566	800	800
567	800	800
568	800	800
569	800	800
570	800	800
571	800	800
572	800	800
573	800	800
574	800	800
575	800	800
576	800	800
577	800	800
578	800	800
579	800	800
580	800	800
581	800	800
582	800	800
583	800	800
584	800	800
585	800	800
586	800	800
587	800	800
588	800	800
589	800	800
590	800	800
591	800	800
592	800	800
593	800	800
594	800	800
595	800	800
596	800	800
597	800	800
598	800	800
599	800	800
600	800	800
601	800	800
602	800	800
603	800	800
604	800	800
605	800	800
606	800	800
607	800	800
608	800	800
609	800	800
610	800	800
611	800	800
612	800	800
613	800	800
614	800	800
615	800	800
616	800	800
617	800	800
618	800	800
619	800	800
620	800	800
621	800	800
622	800	800
623	800	800
624	800	800
625	800	800
626	800	800
627	800	800
628	800	800
629	800	800
630	800	800
631	800	800
632	800	800
633	800	800
634	800	800
635	800	800
636	800	800
637	800	800
638	800	800
639	800	800
640	800	800
641	800	800
642	800	800
643	800	800
644	800	800
645	800	800
646	800	800
647	800	800
648	800	800
649	800	800
650	800	800
651	800	800
652	800	800
653	800	800
654	800	800
655	800	800
656	800	800
657	800	800
658	800	800
659	800	800
660	800	800
661	800	800
662	800	800
663	800	800
664	800	800
665	800	800
666	800	800
667	800	800
668	800	800
669	800	800
670	800	800
671	800	800
672	800	800
673	800	800
674	800	800
675	800	800
676	800	800
677	800	800
678	800	800
679	800	800
680	800	800
681	800	800
682	800	800
683	800	800
684	800	800
685	800	800
686	800	800
687	800	800
688	800	800
689	800	800
690	800	800
691	800	800
692	800	800
693	800	800
694	800	800
695	800	800
696	800	800
697	800	800
698	800	800
699	800	800
700	800	800
701	800	800
702	800	800
703	800	800
704	800	800
705	800	800
706	800	800
707	800	800
708	800	800
709	800	800
710	800	800
711	800	800
712	800	800
713	800	800
714	800	800
715	800	800
716	800	800
717	800	800
718	800	800
719	800	800
720	800	800
721	800	800
722	800	800
723	800	800
724	800	800
725	800	800
726	800	800
727	800	800
728	800	800
729	800	800
730	800	800
731	800	800
732	800	800
733	800	800
734	800	800
735	800	800
736	800	800
737	800	800
738	800	800
739	800	800
740	800	800
741	800	800
742	800	800
743	800	800
744	800	800
745	800	800
746	800	800
747	800	800
748	800	800
749	800	800
750	800	800
751	800	800
752	800	800
753	800	800
754	800	800
755	800	800
756	800	800
757	800	800
758	800	800
759	800	800
760	800	800
761	800	800
762	800	800
763	800	800
764	800	800
765	800	800
766	800	800
767	800	800
768	800	800
769	800	800
770	800	800
771	800	800
772	800	800
773	800	800
774	800	800
775	800	800
776	800	800
777	800	800
778	800	800
779	800	800
780	800	800
781	800	800
782	800	800
783	800	800
784	800	800
785	800	800
786	800	800
787	800	800
788	800	800
789	800	800
790	800	800
791	800	800
792	800	800
793	800	800
794	800	800
795	800	800
796	800	800
797	800	800
798	800	800
799	800	800
800	800	800
801	800	800
802	800	800
803	800	800
804	800	800
805	800	800
806	800	800
807	800	800
808	800	800
809	800	800
810	800	800
811	800	800
812	800	800
813	800	800
814	800	800
815	800	800
816	800	800
817	800	800
818	800	800
819	800	800
820	800	800
821	800	800
822	800	800
823	800	800
824	800	800
825	800	800
826	800	800
827	800	800
828	800	800
829	800	800
830	800	800
831	800	800
832	800	800
833	800	800
834	800	800
835	800	800
836	800	800
837	800	800
838	800	800
839	800	800
840	800	800
841	800	800
842	800	800
843	800	800
844	800	800
845	800	800
846	800	800
847	800	800
848	800	800
849	800	800
850	800	800
851	800	800
852	800	800
853	800	800
854	800	800
855	800	800
856	800	800
857	800	800
858	800	800
859	800	800
860	800	800
861	800	800
862	800	800
863	800	800
864	800	800
865	800	800
866	800	800
867	800	800
868	800	800
869	800	800
870	800	800
871	800	800
872	800	800
873	800	800
874	800	800
875	800	800
876	800	800
877	800	800
878	800	800
879	800	800
880	800	800
881	800	800
882	800	800
883	800	800
884	800	800
885	800	800
886	800	800
887	800	800
888	800	800
889	800	800
890	800	800
891	800	800
892	800	800
893	800	800
894	800	800
895	800	800
896	800	800
897	800	800
898	800	800
899	800	800
900	800	800
901	800	800
902	800	800
903	800	800
904	800	800
905	800	800
906	800	800
907	800	800
908	800	800
909	800	800
910	800	800
911	800	800
912	800	800
913	800	800
914	800	800
915	800	800
916	800	800
917	800	800
918	800	800
919	800	800
920	800	800
921	800	800
922	800	800
923	800	800
924	800	800
925	800	800
926	800	800
927	800	800
928	800	800
929	800	800
930	800	800
931	800	800
932	800	800
933	800	800
934	800	800
935	800	800
936	800	800
937	800	800
938	800	800
939	800	800
940	800	800
941	800	800
942	800	800
943	800	800
944	800	800
945	800	800
946	800	800
947	800	800
948	800	800
949	800	800
950	800	800
951	800	800
952	800	800
953	800	800
954	800	800
955	800	800
956	800	800
957	800	800
958	800	800
959	800	800
960	800	800
961	800	800
962	800	800
963	800	800
964	800	800
965	800	800
966	800	800
967	800	800
968	800	800
969	800	800
970	800	800
971	800	800
972	800	800
973	800	800
974	800	800
975	800	800
976	800	800
977	800	800
978	800	800
979	800	800
980	800	800
981	800	800
982	800	800
983	800	800
984	800	800
985	800	800
986	800	800
987	800	800
988	800	800
989	800	800
990	800	800
991	800	800
992	800	800
993	800	800
994	800	800
995	800	800
996	800	800
997	800	800
998	800	800
999	800	800
1000	800	800
1001	822	800
1002	844	800
1003	866	800
1004	888	800
1005	910	800
1006	932	800
1007	954	800
1008	976	800
1009	998	800
1010	1020	800
1011	1042	800
1012	1064	800
1013	1086	800
1014	1108	800
1015	1130	800
1016	1152	800
1017	1174	800
1018	1196	800
1019	1218	800
1020	1240	800
1021	1262	800
1022	1284	800
1023	1306	800
1024	1328	800
1025	1350	800
1026	1372	800
1027	1394	800
1028	1416	800
1029	1438	800
1030	1460	800
1031	1482	800
1032	1504	800
1033	1526	800
1034	1548	800
1035	1570	800
1036	1592	800
1037	1614	800
1038	1636	800
1039	1658	800
1040	1680	800
1041	1702	800
1042	1724	800
1043	1746	800
1044	1768	800
1045	1790	800
1046	1812	800
1047	1834	800
1048	1856	800
1049	1878	800
1050	1900	800
1051	1922	800
1052	1944	800
1053	1966	800
1054	1988	800
1055	2010	800
1056	2032	800
1057	2054	800
1058	2076	800
1059	2098	800
1060	2120	800
1061	2142	800
1062	2164	800
1063	2186	800
1064	2208	800
1065	2230	800
1066	2252	800
1067	2274	800
1068	2296	800
1069	2318	800
1070	2340	800
1071	2362	800
1072	2384	800
1073	2406	800
1074	2428	800
1075	2450	800
1076	2472	800
1077	2494	800
1078	2516	800
1079	2538	800
1080	2560	800
1081	2582	800
1082	2604	800
1083	2626	800
1084	2648	800
1085	2670	800
1086	2692	800
1087	2714	800
1088	2736	800
1089	2758	800
1090	2780	800
1091	2802	800
1092	2824	800
1093	2846	800
1094	2868	800
1095	2890	800
1096	2912	800
1097	2934	800
1098	2956	800
1099	2978	800
1100	3000	800
1101	3000	800
1102	3000	800
1103	3000	800
1104	3000	800
1105	3000	800
1106	3000	800
1107	3000	800
1108	3000	800
1109	3000	800
1110	3000	800
1111	3000	800
1112	3000	800
1113	3000	800
1114	3000	800
1115	3000	800
1116	3000	800
1117	3000	800
1118	3000	800
1119	3000	800
1120	3000	800
1121	3000	800
1122	3000	800
1123	3000	800
1124	3000	800
1125	3000	800
1126	3000	800
1127	3000	800
1128	3000	800
1129	3000	800
1130	3000	800
1131	3000	800
1132	3000	800
1133	3000	800
1134	3000	800
1135	3000	800
1136	3000	800
1137	3000	800
1138	3000	800
1139	3000	800
1140	3000	800
1141	3000	800
1142	3000	800
1143	3000	800
1144	3000	800
1145	3000	800
1146	3000	800
1147	3000	800
1148	3000	800
1149	3000	800
1150	3000	800
1151	3000	800
1152	3000	800
1153	3000	800
1154	3000	800
1155	3000	800
1156	3000	800
1157	3000	800
1158	3000	800
1159	3000	800
1160	3000	800
1161	3000	800
1162	3000	800
1163	3000	800
1164	3000	800
1165	3000	800
1166	3000	800
1167	3000	800
1168	3000	800
1169	3000	800
1170	3000	800
1171	3000	800
1172	3000	800
1173	3000	800
1174	3000	800
1175	3000	800
1176	3000	800
1177	3000	800
1178	3000	800
1179	3000	800
1180	3000	800
1181	3000	800
1182	3000	800
1183	3000	800
1184	3000	800
1185	3000	800
1186	3000	800
1187	3000	800
1188	3000	800
1189	3000	800
1190	3000	800
1191	3000	800
1192	3000	800
1193	3000	800
1194	3000	800
1195	3000	800
1196	3000	800
1197	3000	800
1198	3000	800
1199	3000	800
1200	3000	800
1201	3000	800
1202	3000	800
1203	3000	800
1204	3000	800
1205	3000	800
1206	3000	800
1207	3000	800
1208	3000	800
1209	3000	800
1210	3000	800
1211	3000	800
1212	3000	800
1213	3000	800
1214	3000	800
1215	3000	800
1216	3000	800
1217	3000	800
1218	3000	800
1219	3000	800
1220	3000	800
1221	3000	800
1222	3000	800
1223	3000	800
1224	3000	800
1225	3000	800
1226	3000	800
1227	3000	800
1228	3000	800
1229	3000	800
1230	3000	800
1231	3000	800
1232	3000	800
1233	3000	800
1234	3000	800
1235	3000	800
1236	3000	800
1237	3000	800
1238	3000	800
1239	3000	800
1240	3000	800
1241	3000	800
1242	3000	800
1243	3000	800
1244	3000	800
1245	3000	800
1246	3000	800
1247	3000	800
1248	3000	800
1249	3000	800
1250	3000	800
1251	3000	800
1252	3000	800
1253	3000	800
1254	3000	800
1255	3000	800
1256	3000	800
1257	3000	800
1258	3000	800
1259	3000	800
1260	3000	800
1261	3000	800
1262	3000	800
1263	3000	800
1264	3000	800
1265	3000	800
1266	3000	800
1267	3000	800
1268	3000	800
1269	3000	800
1270	3000	800
1271	3000	800
1272	3000	800
1273	3000	800
1274	3000	800
1275	3000	800
1276	3000	800
1277	3000	800
1278	3000	800
1279	3000	800
1280	3000	800
1281	3000	800
1282	3000	800
1283	3000	800
1284	3000	800
1285	3000	800
1286	3000	800
1287	3000	800
1288	3000	800
1289	3000	800
1290	3000	800
1291	3000	800
1292	3000	800
1293	3000	800
1294	3000	800
1295	3000	800
1296	3000	800
1297	3000	800
1298	3000	800
1299	3000	800
1300	3000	800
1301	3000	800
1302	3000	800
1303	3000	800
1304	3000	800
1305	3000	800
1306	3000	800
1307	3000	800
1308	3000	800
1309	3000	800
1310	3000	800
1311	3000	800
1312	3000	800
1313	3000	800
1314	3000	800
1315	3000	800
1316	3000	800
1317	3000	800
1318	3000	800
1319	3000	800
1320	3000	800
1321	3000	800
1322	3000	800
1323	3000	800
1324	3000	800
1325	3000	800
1326	3000	800
1327	3000	800
1328	3000	800
1329	3000	800
1330	3000	800
1331	3000	800
1332	3000	800
1333	3000	800
1334	3000	800
1335	3000	800
1336	3000	800
1337	3000	800
1338	3000	800
1339	3000	800
1340	3000	800
1341	3000	800
1342	3000	800
1343	3000	800
1344	3000	800
1345	3000	800
1346	3000	800
1347	3000	800
1348	3000	800
1349	3000	800
1350	3000	800
1351	3000	800
1352	3000	800
1353	3000	800
1354	3000	800
1355	3000	800
1356	3000	800
1357	3000	800
1358	3000	800
1359	3000	800
1360	3000	800
1361	3000	800
1362	3000	800
1363	3000	800
1364	3000	800
1365	3000	800
1366	3000	800
1367	3000	800
1368	3000	800
1369	3000	800
1370	3000	800
1371	3000	800
1372	3000	800
1373	3000	800
1374	3000	800
1375	3000	800
1376	3000	800
1377	3000	800
1378	3000	800
1379	3000	800
1380	3000	800
1381	3000	800
1382	3000	800
1383	3000	800
1384	3000	800
1385	3000	800
1386	3000	800
1387	3000	800
1388	3000	800
1389	3000	800
1390	3000	800
1391	3000	800
1392	3000	800
1393	3000	800
1394	3000	800
1395	3000	800
1396	3000	800
1397	3000	800
1398	3000	800
1399	3000	800
1400	3000	800
1401	3000	800
1402	3000	800
1403	3000	800
1404	3000	800
1405	3000	800
1406	3000	800
1407	3000	800
1408	3000	800
1409	3000	800
1410	3000	800
1411	3000	800
1412	3000	800
1413	3000	800
1414	3000	800
1415	3000	800
1416	3000	800
1417	3000	800
1418	3000	800
1419	3000	800
1420	3000	800
1421	3000	800
1422	3000	800
1423	3000	800
1424	3000	800
1425	3000	800
1426	3000	800
1427	3000	800
1428	3000	800
1429	3000	800
1430	3000	800
1431	3000	800
1432	3000	800
1433	3000	800
1434	3000	800
1435	3000	800
1436	3000	800
1437	3000	800
1438	3000	800
1439	3000	800
1440	3000	800
1441	3000	800
1442	3000	800
1443	3000	800
1444	3000	800
1445	3000	800
1446	3000	800
1447	3000	800
1448	3000	800
1449	3000	800
1450	3000	800
1451	3000	800
1452	3000	800
1453	3000	800
1454	3000	800
1455	3000	800
1456	3000	800
1457	3000	800
1458	3000	800
1459	3000	800
1460	3000	800
1461	3000	800
1462	3000	800
1463	3000	800
1464	3000	800
1465	3000	800
1466	3000	800
1467	3000	800
1468	3000	800
1469	3000	800
1470	3000	800
1471	3000	800
1472	3000	800
1473	3000	800
1474	3000	800
1475	3000	800
1476	3000	800
1477	3000	800
1478	3000	800
1479	3000	800
1480	3000	800
1481	3000	800
1482	3000	800
1483	3000	800
1484	3000	800
1485	3000	800
1486	3000	800
1487	3000	800
1488	3000	800
1489	3000	800
1490	3000	800
1491	3000	800
1492	3000	800
1493	3000	800
1494	3000	800
1495	3000	800
1496	3000	800
1497	3000	800
1498	3000	800
1499	3000	800
1500	3000	800
1501	3000	800
1502	3000	800
1503	3000	800
1504	3000	800
1505	3000	800
1506	3000	800
1507	3000	800
1508	3000	800
1509	3000	800
1510	3000	800
1511	3000	800
1512	3000	800
1513	3000	800
1514	3000	800
1515	3000	800
1516	3000	800
1517	3000	800
1518	3000	800
1519	3000	800
1520	3000	800
1521	3000	800
1522	3000	800
1523	3000	800
1524	3000	800
1525	3000	800
1526	3000	800
1527	3000	800
1528	3000	800
1529	3000	800
1530	3000	800
1531	3000	800
1532	3000	800
1533	3000	800
1534	3000	800
1535	3000	800
1536	3000	800
1537	3000	800
1538	3000	800
1539	3000	800
1540	3000	800
1541	3000	800
1542	3000	800
1543	3000	800
1544	3000	800
1545	3000	800
1546	3000	800
1547	3000	800
1548	3000	800
1549	3000	800
1550	3000	800
1551	3000	800
1552	3000	800
1553	3000	800
1554	3000	800
1555	3000	800
1556	3000	800
1557	3000	800
1558	3000	800
1559	3000	800
1560	3000	800
1561	3000	800
1562	3000	800
1563	3000	800
1564	3000	800
1565	3000	800
1566	3000	800
1567	3000	800
1568	3000	800
1569	3000	800
1570	3000	800
1571	3000	800
1572	3000	800
1573	3000	800
1574	3000	800
1575	3000	800
1576	3000	800
1577	3000	800
1578	3000	800
1579	3000	800
1580	3000	800
1581	3000	800
1582	3000	800
1583	3000	800
1584	3000	800
1585	3000	800
1586	3000	800
1587	3000	800
1588	3000	800
1589	3000	800
1590	3000	800
1591	3000	800
1592	3000	800
1593	3000	800
1594	3000	800
1595	3000	800
1596	3000	800
1597	3000	800
1598	3000	800
1599	3000	800
1600	3000	800
1601	2980	800
1602	2960	800
1603	2940	800
1604	2920	800
1605	2900	800
1606	2880	800
1607	2860	800
1608	2840	800
1609	2820	800
1610	2800	800
1611	2780	800
1612	2760	800
1613	2740	800
1614	2720	800
1615	2700	800
1616	2680	800
1617	2660	800
1618	2640	800
1619	2620	800
1620	2600	800
1621	2580	800
1622	2560	800
1623	2540	800
1624	2520	800
1625	2500	800
1626	2480	800
1627	2460	800
1628	2440	800
1629	2420	800
1630	2400	800
1631	2380	800
1632	2360	800
1633	2340	800
1634	2320	800
1635	2300	800
1636	2280	800
1637	2260	800
1638	2240	800
1639	2220	800
1640	2200	800
1641	2180	800
1642	2160	800
1643	2140	800
1644	2120	800
1645	2100	800
1646	2080	800
1647	2060	800
1648	2040	800
1649	2020	800
1650	2000	800
1651	1980	800
1652	1960	800
1653	1940	800
1654	1920	800
1655	1900	800
1656	1880	800
1657	1860	800
1658	1840	800
1659	1820	800
1660	1800	800
1661	1780	800
1662	1760	800
1663	1740	800
1664	1720	800
1665	1700	800
1666	1680	800
1667	1660	800
1668	1640	800
1669	1620	800
1670	1600	800
1671	1580	800
1672	1560	800
1673	1540	800
1674	1520	800
1675	1500	800
1676	1480	800
1677	1460	800
1678	1440	800
1679	1420	800
1680	1400	800
1681	1380	800
1682	1360	800
1683	1340	800
1684	1320	800
1685	1300	800
1686	1280	800
1687	1260	800
1688	1240	800
1689	1220	800
1690	1200	800
1691	1180	800
1692	1160	800
1693	1140	800
1694	1120	800
1695	1100	800
1696	1080	800
1697	1060	800
1698	1040	800
1699	1020	800
1700	1000	800
1701	1000	800
1702	1000	800
1703	1000	800
1704	1000	800
1705	1000	800
1706	1000	800
1707	1000	800
1708	1000	800
1709	1000	800
1710	1000	800
1711	1000	800
1712	1000	800
1713	1000	800
1714	1000	800
1715	1000	800
1716	1000	800
1717	1000	800
1718	1000	800
1719	1000	800
1720	1000	800
1721	1000	800
1722	1000	800
1723	1000	800
1724	1000	800
1725	1000	800
1726	1000	800
1727	1000	800
1728	1000	800
1729	1000	800
1730	1000	800
1731	1000	800
1732	1000	800
1733	1000	800
1734	1000	800
1735	1000	800
1736	1000	800
1737	1000	800
1738	1000	800
1739	1000	800
1740	1000	800
1741	1000	800
1742	1000	800
1743	1000	800
1744	1000	800
1745	1000	800
1746	1000	800
1747	1000	800
1748	1000	800
1749	1000	800
1750	1000	800
1751	1000	800
1752	1000	800
1753	1000	800
1754	1000	800
1755	1000	800
1756	1000	800
1757	1000	800
1758	1000	800
1759	1000	800
1760	1000	800
1761	1000	800
1762	1000	800
1763	1000	800
1764	1000	800
1765	1000	800
1766	1000	800
1767	1000	800
1768	1000	800
1769	1000	800
1770	1000	800
1771	1000	800
1772	1000	800
1773	1000	800
1774	1000	800
1775	1000	800
1776	1000	800
1777	1000	800
1778	1000	800
1779	1000	800
1780	1000	800
1781	1000	800
1782	1000	800
1783	1000	800
1784	1000	800
1785	1000	800
1786	1000	800
1787	1000	800
1788	1000	800
1789	1000	800
1790	1000	800
1791	1000	800
1792	1000	800
1793	1000	800
1794	1000	800
1795	1000	800
1796	1000	800
1797	1000	800
1798	1000	800
1799	1000	800
1800	1000	800
1801	1000	822
1802	1000	844
1803	1000	866
1804	1000	888
1805	1000	910
1806	1000	932
1807	1000	954
1808	1000	976
1809	1000	998
1810	1000	1020
1811	1000	1042
1812	1000	1064
1813	1000	1086
1814	1000	1108
1815	1000	1130
1816	1000	1152
1817	1000	1174
1818	1000	1196
1819	1000	1218
1820	1000	1240
1821	1000	1262
1822	1000	1284
1823	1000	1306
1824	1000	1328
1825	1000	1350
1826	1000	1372
1827	1000	1394
1828	1000	1416
1829	1000	1438
1830	1000	1460
1831	1000	1482
1832	1000	1504
1833	1000	1526
1834	1000	1548
1835	1000	1570
1836	1000	1592
1837	1000	1614
1838	1000	1636
1839	1000	1658
1840	1000	1680
1841	1000	1702
1842	1000	1724
1843	1000	1746
1844	1000	1768
1845	1000	1790
1846	1000	1812
1847	1000	1834
1848	1000	1856
1849	1000	1878
1850	1000	1900
1851	1000	1922
1852	1000	1944
1853	1000	1966
1854	1000	1988
1855	1000	2010
1856	1000	2032
1857	1000	2054
1858	1000	2076
1859	1000	2098
1860	1000	2120
1861	1000	2142
1862	1000	2164
1863	1000	2186
1864	1000	2208
1865	1000	2230
1866	1000	2252
1867	1000	2274
1868	1000	2296
1869	1000	2318
1870	1000	2340
1871	1000	2362
1872	1000	2384
1873	1000	2406
1874	1000	2428
1875	1000	2450
1876	1000	2472
1877	1000	2494
1878	1000	2516
1879	1000	2538
1880	1000	2560
1881	1000	2582
1882	1000	2604
1883	1000	2626
1884	1000	2648
1885	1000	2670
1886	1000	2692
1887	1000	2714
1888	1000	2736
1889	1000	2758
1890	1000	2780
1891	1000	2802
1892	1000	2824
1893	1000	2846
1894	1000	2868
1895	1000	2890
1896	1000	2912
1897	1000	2934
1898	1000	2956
1899	1000	2978
1900	1000	3000
1901	1000	3000
1902	1000	3000
1903	1000	3000
1904	1000	3000
1905	1000	3000
1906	1000	3000
1907	1000	3000
1908	1000	3000
1909	1000	3000
1910	1000	3000
1911	1000	3000
1912	1000	3000
1913	1000	3000
1914	1000	3000
1915	1000	3000
1916	1000	3000
1917	1000	3000
1918	1000	3000
1919	1000	3000
1920	1000	3000
1921	1000	3000
1922	1000	3000
1923	1000	3000
1924	1000	3000
1925	1000	3000
1926	1000	3000
1927	1000	3000
1928	1000	3000
1929	1000	3000
1930	1000	3000
1931	1000	3000
1932	1000	3000
1933	1000	3000
1934	1000	3000
1935	1000	3000
1936	1000	3000
1937	1000	3000
1938	1000	3000
1939	1000	3000
1940	1000	3000
1941	1000	3000
1942	1000	3000
1943	1000	3000
1944	1000	3000
1945	1000	3000
1946	1000	3000
1947	1000	3000
1948	1000	3000
1949	1000	3000
1950	1000	3000
1951	1000	3000
1952	1000	3000
1953	1000	3000
1954	1000	3000
1955	1000	3000
1956	1000	3000
1957	1000	3000
1958	1000	3000
1959	1000	3000
1960	1000	3000
1961	1000	3000
1962	1000	3000
1963	1000	3000
1964	1000	3000
1965	1000	3000
1966	1000	3000
1967	1000	3000
1968	1000	3000
1969	1000	3000
1970	1000	3000
1971	1000	3000
1972	1000	3000
1973	1000	3000
1974	1000	3000
1975	1000	3000
1976	1000	3000
1977	1000	3000
1978	1000	3000
1979	1000	3000
1980	1000	3000
1981	1000	3000
1982	1000	3000
1983	1000	3000
1984	1000	3000
1985	1000	3000
1986	1000	3000
1987	1000	3000
1988	1000	3000
1989	1000	3000
1990	1000	3000
1991	1000	3000
1992	1000	3000
1993	1000	3000
1994	1000	3000
1995	1000	3000
1996	1000	3000
1997	1000	3000
1998	1000	3000
1999	1000	3000
2000	1000	3000
2001	1000	3000
2002	1000	3000
2003	1000	3000
2004	1000	3000
2005	1000	3000
2006	1000	3000
2007	1000	3000
2008	1000	3000
2009	1000	3000
2010	1000	3000
2011	1000	3000
2012	1000	3000
2013	1000	3000
2014	1000	3000
2015	1000	3000
2016	1000	3000
2017	1000	3000
2018	1000	3000
2019	1000	3000
2020	1000	3000
2021	1000	3000
2022	1000	3000
2023	1000	3000
2024	1000	3000
2025	1000	3000
2026	1000	3000
2027	1000	3000
2028	1000	3000
2029	1000	3000
2030	1000	3000
2031	1000	3000
2032	1000	3000
2033	1000	3000
2034	1000	3000
2035	1000	3000
2036	1000	3000
2037	1000	3000
2038	1000	3000
2039	1000	3000
2040	1000	3000
2041	1000	3000
2042	1000	3000
2043	1000	3000
2044	1000	3000
2045	1000	3000
2046	1000	3000
2047	1000	3000
2048	1000	3000
2049	1000	3000
2050	1000	3000
2051	1000	3000
2052	1000	3000
2053	1000	3000
2054	1000	3000
2055	1000	3000
2056	1000	3000
2057	1000	3000
2058	1000	3000
2059	1000	3000
2060	1000	3000
2061	1000	3000
2062	1000	3000
2063	1000	3000
2064	1000	3000
2065	1000	3000
2066	1000	3000
2067	1000	3000
2068	1000	3000
2069	1000	3000
2070	1000	3000
2071	1000	3000
2072	1000	3000
2073	1000	3000
2074	1000	3000
2075	1000	3000
2076	1000	3000
2077	1000	3000
2078	1000	3000
2079	1000	3000
2080	1000	3000
2081	1000	3000
2082	1000	3000
2083	1000	3000
2084	1000	3000
2085	1000	3000
2086	1000	3000
2087	1000	3000
2088	1000	3000
2089	1000	3000
2090	1000	3000
2091	1000	3000
2092	1000	3000
2093	1000	3000
2094	1000	3000
2095	1000	3000
2096	1000	3000
2097	1000	3000
2098	1000	3000
2099	1000	3000
2100	1000	3000
2101	1000	3000
2102	1000	3000
2103	1000	3000
2104	1000	3000
2105	1000	3000
2106	1000	3000
2107	1000	3000
2108	1000	3000
2109	1000	3000
2110	1000	3000
2111	1000	3000
2112	1000	3000
2113	1000	3000
2114	1000	3000
2115	1000	3000
2116	1000	3000
2117	1000	3000
2118	1000	3000
2119	1000	3000
2120	1000	3000
2121	1000	3000
2122	1000	3000
2123	1000	3000
2124	1000	3000
2125	1000	3000
2126	1000	3000
2127	1000	3000
2128	1000	3000
2129	1000	3000
2130	1000	3000
2131	1000	3000
2132	1000	3000
2133	1000	3000
2134	1000	3000
2135	1000	3000
2136	1000	3000
2137	1000	3000
2138	1000	3000
2139	1000	3000
2140	1000	3000
2141	1000	3000
2142	1000	3000
2143	1000	3000
2144	1000	3000
2145	1000	3000
2146	1000	3000
2147	1000	3000
2148	1000	3000
2149	1000	3000
2150	1000	3000
2151	1000	3000
2152	1000	3000
2153	1000	3000
2154	1000	3000
2155	1000	3000
2156	1000	3000
2157	1000	3000
2158	1000	3000
2159	1000	3000
2160	1000	3000
2161	1000	3000
2162	1000	3000
2163	1000	3000
2164	1000	3000
2165	1000	3000
2166	1000	3000
2167	1000	3000
2168	1000	3000
2169	1000	3000
2170	1000	3000
2171	1000	3000
2172	1000	3000
2173	1000	3000
2174	1000	3000
2175	1000	3000
2176	1000	3000
2177	1000	3000
2178	1000	3000
2179	1000	3000
2180	1000	3000
2181	1000	3000
2182	1000	3000
2183	1000	3000
2184	1000	3000
2185	1000	3000
2186	1000	3000
2187	1000	3000
2188	1000	3000
2189	1000	3000
2190	1000	3000
2191	1000	3000
2192	1000	3000
2193	1000	3000
2194	1000	3000
2195	1000	3000
2196	1000	3000
2197	1000	3000
2198	1000	3000
2199	1000	3000
2200	1000	3000
2201	1000	3000
2202	1000	3000
2203	1000	3000
2204	1000	3000
2205	1000	3000
2206	1000	3000
2207	1000	3000
2208	1000	3000
2209	1000	3000
2210	1000	3000
2211	1000	3000
2212	1000	3000
2213	1000	3000
2214	1000	3000
2215	1000	3000
2216	1000	3000
2217	1000	3000
2218	1000	3000
2219	1000	3000
2220	1000	3000
2221	1000	3000
2222	1000	3000
2223	1000	3000
2224	1000	3000
2225	1000	3000
2226	1000	3000
2227	1000	3000
2228	1000	3000
2229	1000	3000
2230	1000	3000
2231	1000	3000
2232	1000	3000
2233	1000	3000
2234	1000	3000
2235	1000	3000
2236	1000	3000
2237	1000	3000
2238	1000	3000
2239	1000	3000
2240	1000	3000
2241	1000	3000
2242	1000	3000
2243	1000	3000
2244	1000	3000
2245	1000	3000
2246	1000	3000
2247	1000	3000
2248	1000	3000
2249	1000	3000
2250	1000	3000
2251	1000	3000
2252	1000	3000
2253	1000	3000
2254	1000	3000
2255	1000	3000
2256	1000	3000
2257	1000	3000
2258	1000	3000
2259	1000	3000
2260	1000	3000
2261	1000	3000
2262	1000	3000
2263	1000	3000
2264	1000	3000
2265	1000	3000
2266	1000	3000
2267	1000	3000
2268	1000	3000
2269	1000	3000
2270	1000	3000
2271	1000	3000
2272	1000	3000
2273	1000	3000
2274	1000	3000
2275	1000	3000
2276	1000	3000
2277	1000	3000
2278	1000	3000
2279	1000	3000
2280	1000	3000
2281	1000	3000
2282	1000	3000
2283	1000	3000
2284	1000	3000
2285	1000	3000
2286	1000	3000
2287	1000	3000
2288	1000	3000
2289	1000	3000
2290	1000	3000
2291	1000	3000
2292	1000	3000
2293	1000	3000
2294	1000	3000
2295	1000	3000
2296	1000	3000
2297	1000	3000
2298	1000	3000
2299	1000	3000
2300	1000	3000
2301	1000	3000
2302	1000	3000
2303	1000	3000
2304	1000	3000
2305	1000	3000
2306	1000	3000
2307	1000	3000
2308	1000	3000
2309	1000	3000
2310	1000	3000
2311	1000	3000
2312	1000	3000
2313	1000	3000
2314	1000	3000
2315	1000	3000
2316	1000	3000
2317	1000	3000
2318	1000	3000
2319	1000	3000
2320	1000	3000
2321	1000	3000
2322	1000	3000
2323	1000	3000
2324	1000	3000
2325	1000	3000
2326	1000	3000
2327	1000	3000
2328	1000	3000
2329	1000	3000
2330	1000	3000
2331	1000	3000
2332	1000	3000
2333	1000	3000
2334	1000	3000
2335	1000	3000
2336	1000	3000
2337	1000	3000
2338	1000	3000
2339	1000	3000
2340	1000	3000
2341	1000	3000
2342	1000	3000
2343	1000	3000
2344	1000	3000
2345	1000	3000
2346	1000	3000
2347	1000	3000
2348	1000	3000
2349	1000	3000
2350	1000	3000
2351	1000	3000
2352	1000	3000
2353	1000	3000
2354	1000	3000
2355	1000	3000
2356	1000	3000
2357	1000	3000
2358	1000	3000
2359	1000	3000
2360	1000	3000
2361	1000	3000
2362	1000	3000
2363	1000	3000
2364	1000	3000
2365	1000	3000
2366	1000	3000
2367	1000	3000
2368	1000	3000
2369	1000	3000
2370	1000	3000
2371	1000	3000
2372	1000	3000
2373	1000	3000
2374	1000	3000
2375	1000	3000
2376	1000	3000
2377	1000	3000
2378	1000	3000
2379	1000	3000
2380	1000	3000
2381	1000	3000
2382	1000	3000
2383	1000	3000
2384	1000	3000
2385	1000	3000
2386	1000	3000
2387	1000	3000
2388	1000	3000
2389	1000	3000
2390	1000	3000
2391	1000	3000
2392	1000	3000
2393	1000	3000
2394	1000	3000
2395	1000	3000
2396	1000	3000
2397	1000	3000
2398	1000	3000
2399	1000	3000
2400	1000	3000
2401	1000	2980
2402	1000	2960
2403	1000	2940
2404	1000	2920
2405	1000	2900
2406	1000	2880
2407	1000	2860
2408	1000	2840
2409	1000	2820
2410	1000	2800
2411	1000	2780
2412	1000	2760
2413	1000	2740
2414	1000	2720
2415	1000	2700
2416	1000	2680
2417	1000	2660
2418	1000	2640
2419	1000	2620
2420	1000	2600
2421	1000	2580
2422	1000	2560
2423	1000	2540
2424	1000	2520
2425	1000	2500
2426	1000	2480
2427	1000	2460
2428	1000	2440
2429	1000	2420
2430	1000	2400
2431	1000	2380
2432	1000	2360
2433	1000	2340
2434	1000	2320
2435	1000	2300
2436	1000	2280
2437	1000	2260
2438	1000	2240
2439	1000	2220
2440	1000	2200
2441	1000	2180
2442	1000	2160
2443	1000	2140
2444	1000	2120
2445	1000	2100
2446	1000	2080
2447	1000	2060
2448	1000	2040
2449	1000	2020
2450	1000	2000
2451	1000	1980
2452	1000	1960
2453	1000	1940
2454	1000	1920
2455	1000	1900
2456	1000	1880
2457	1000	1860
2458	1000	1840
2459	1000	1820
2460	1000	1800
2461	1000	1780
2462	1000	1760
2463	1000	1740
2464	1000	1720
2465	1000	1700
2466	1000	1680
2467	1000	1660
2468	1000	1640
2469	1000	1620
2470	1000	1600
2471	1000	1580
2472	1000	1560
2473	1000	1540
2474	1000	1520
2475	1000	1500
2476	1000	1480
2477	1000	1460
2478	1000	1440
2479	1000	1420
2480	1000	1400
2481	1000	1380
2482	1000	1360
2483	1000	1340
2484	1000	1320
2485	1000	1300
2486	1000	1280
2487	1000	1260
2488	1000	1240
2489	1000	1220
2490	1000	1200
2491	1000	1180
2492	1000	1160
2493	1000	1140
2494	1000	1120
2495	1000	1100
2496	1000	1080
2497	1000	1060
2498	1000	1040
2499	1000	1020
2500	1000	1000
2501	1000	1000
2502	1000	1000
2503	1000	1000
2504	1000	1000
2505	1000	1000
2506	1000	1000
2507	1000	1000
2508	1000	1000
2509	1000	1000
2510	1000	1000
2511	1000	1000
2512	1000	1000
2513	1000	1000
2514	1000	1000
2515	1000	1000
2516	1000	1000
2517	1000	1000
2518	1000	1000
2519	1000	1000
2520	1000	1000
2521	1000	1000
2522	1000	1000
2523	1000	1000
2524	1000	1000
2525	1000	1000
2526	1000	1000
2527	1000	1000
2528	1000	1000
2529	1000	1000
2530	1000	1000
2531	1000	1000
2532	1000	1000
2533	1000	1000
2534	1000	1000
2535	1000	1000
2536	1000	1000
2537	1000	1000
2538	1000	1000
2539	1000	1000
2540	1000	1000
2541	1000	1000
2542	1000	1000
2543	1000	1000
2544	1000	1000
2545	1000	1000
2546	1000	1000
2547	1000	1000
2548	1000	1000
2549	1000	1000
2550	1000	1000
2551	1000	1000
2552	1000	1000
2553	1000	1000
2554	1000	1000
2555	1000	1000
2556	1000	1000
2557	1000	1000
2558	1000	1000
2559	1000	1000
2560	1000	1000
2561	1000	1000
2562	1000	1000
2563	1000	1000
2564	1000	1000
2565	1000	1000
2566	1000	1000
2567	1000	1000
2568	1000	1000
2569	1000	1000
2570	1000	1000
2571	1000	1000
2572	1000	1000
2573	1000	1000
2574	1000	1000
2575	1000	1000
2576	1000	1000
2577	1000	1000
2578	1000	1000
2579	1000	1000
2580	1000	1000
2581	1000	1000
2582	1000	1000
2583	1000	1000
2584	1000	1000
2585	1000	1000
2586	1000	1000
2587	1000	1000
2588	1000	1000
2589	1000	1000
2590	1000	1000
2591	1000	1000
2592	1000	1000
2593	1000	1000
2594	1000	1000
2595	1000	1000
2596	1000	1000
2597	1000	1000
2598	1000	1000
2599	1000	1000
2600	1000	1000
2601	1000	1000
2602	1000	1000
2603	1000	1000
2604	1000	1000
2605	1000	1000
2606	1000	1000
2607	1000	1000
2608	1000	1000
2609	1000	1000
2610	1000	1000
2611	1000	1000
2612	1000	1000
2613	1000	1000
2614	1000	1000
2615	1000	1000
2616	1000	1000
2617	1000	1000
2618	1000	1000
2619	1000	1000
2620	1000	1000
2621	1000	1000
2622	1000	1000
2623	1000	1000
2624	1000	1000
2625	1000	1000
2626	1000	1000
2627	1000	1000
2628	1000	1000
2629	1000	1000
2630	1000	1000
2631	1000	1000
2632	1000	1000
2633	1000	1000
2634	1000	1000
2635	1000	1000
2636	1000	1000
2637	1000	1000
2638	1000	1000
2639	1000	1000
2640	1000	1000
2641	1000	1000
2642	1000	1000
2643	1000	1000
2644	1000	1000
2645	1000	1000
2646	1000	1000
2647	1000	1000
2648	1000	1000
2649	1000	1000
2650	1000	1000
2651	1000	1000
2652	1000	1000
2653	1000	1000
2654	1000	1000
2655	1000	1000
2656	1000	1000
2657	1000	1000
2658	1000	1000
2659	1000	1000
2660	1000	1000
2661	1000	1000
2662	1000	1000
2663	1000	1000
2664	1000	1000
2665	1000	1000
2666	1000	1000
2667	1000	1000
2668	1000	1000
2669	1000	1000
2670	1000	1000
2671	1000	1000
2672	1000	1000
2673	1000	1000
2674	1000	1000
2675	1000	1000
2676	1000	1000
2677	1000	1000
2678	1000	1000
2679	1000	1000
2680	1000	1000
2681	1000	1000
2682	1000	1000
2683	1000	1000
2684	1000	1000
2685	1000	1000
2686	1000	1000
2687	1000	1000
2688	1000	1000
2689	1000	1000
2690	1000	1000
2691	1000	1000
2692	1000	1000
2693	1000	1000
2694	1000	1000
2695	1000	1000
2696	1000	1000
2697	1000	1000
2698	1000	1000
2699	1000	1000
2700	1000	1000
2701	1000	1000
2702	1000	1000
2703	1000	1000
2704	1000	1000
2705	1000	1000
2706	1000	1000
2707	1000	1000
2708	1000	1000
2709	1000	1000
2710	1000	1000
2711	1000	1000
2712	1000	1000
2713	1000	1000
2714	1000	1000
2715	1000	1000
2716	1000	1000
2717	1000	1000
2718	1000	1000
2719	1000	1000
2720	1000	1000
2721	1000	1000
2722	1000	1000
2723	1000	1000
2724	1000	1000
2725	1000	1000
2726	1000	1000
2727	1000	1000
2728	1000	1000
2729	1000	1000
2730	1000	1000
2731	1000	1000
2732	1000	1000
2733	1000	1000
2734	1000	1000
2735	1000	1000
2736	1000	1000
2737	1000	1000
2738	1000	1000
2739	1000	1000
2740	1000	1000
2741	1000	1000
2742	1000	1000
2743	1000	1000
2744	1000	1000
2745	1000	1000
2746	1000	1000
2747	1000	1000
2748	1000	1000
2749	1000	1000
2750	1000	1000
2751	1000	1000
2752	1000	1000
2753	1000	1000
2754	1000	1000
2755	1000	1000
2756	1000	1000
2757	1000	1000
2758	1000	1000
2759	1000	1000
2760	1000	1000
2761	1000	1000
2762	1000	1000
2763	1000	1000
2764	1000	1000
2765	1000	1000
2766	1000	1000
2767	1000	1000
2768	1000	1000
2769	1000	1000
2770	1000	1000
2771	1000	1000
2772	1000	1000
2773	1000	1000
2774	1000	1000
2775	1000	1000
2776	1000	1000
2777	1000	1000
2778	1000	1000
2779	1000	1000
2780	1000	1000
2781	1000	1000
2782	1000	1000
2783	1000	1000
2784	1000	1000
2785	1000	1000
2786	1000	1000
2787	1000	1000
2788	1000	1000
2789	1000	1000
2790	1000	1000
2791	1000	1000
2792	1000	1000
2793	1000	1000
2794	1000	1000
2795	1000	1000
2796	1000	1000
2797	1000	1000
2798	1000	1000
2799	1000	1000
2800	1000	1000
2801	1000	1000
2802	1000	1000
2803	1000	1000
2804	1000	1000
2805	1000	1000
2806	1000	1000
2807	1000	1000
2808	1000	1000
2809	1000	1000
2810	1000	1000
2811	1000	1000
2812	1000	1000
2813	1000	1000
2814	1000	1000
2815	1000	1000
2816	1000	1000
2817	1000	1000
2818	1000	1000
2819	1000	1000
2820	1000	1000
2821	1000	1000
2822	1000	1000
2823	1000	1000
2824	1000	1000
2825	1000	1000
2826	1000	1000
2827	1000	1000
2828	1000	1000
2829	1000	1000
2830	1000	1000
2831	1000	1000
2832	1000	1000
2833	1000	1000
2834	1000	1000
2835	1000	1000
2836	1000	1000
2837	1000	1000
2838	1000	1000
2839	1000	1000
2840	1000	1000
2841	1000	1000
2842	1000	1000
2843	1000	1000
2844	1000	1000
2845	1000	1000
2846	1000	1000
2847	1000	1000
2848	1000	1000
2849	1000	1000
2850	1000	1000
2851	1000	1000
2852	1000	1000
2853	1000	1000
2854	1000	1000
2855	1000	1000
2856	1000	1000
2857	1000	1000
2858	1000	1000
2859	1000	1000
2860	1000	1000
2861	1000	1000
2862	1000	1000
2863	1000	1000
2864	1000	1000
2865	1000	1000
2866	1000	1000
2867	1000	1000
2868	1000	1000
2869	1000	1000
2870	1000	1000
2871	1000	1000
2872	1000	1000
2873	1000	1000
2874	1000	1000
2875	1000	1000
2876	1000	1000
2877	1000	1000
2878	1000	1000
2879	1000	1000
2880	1000	1000
2881	1000	1000
2882	1000	1000
2883	1000	1000
2884	1000	1000
2885	1000	1000
2886	1000	1000
2887	1000	1000
2888	1000	1000
2889	1000	1000
2890	1000	1000
2891	1000	1000
2892	1000	1000
2893	1000	1000
2894	1000	1000
2895	1000	1000
2896	1000	1000
2897	1000	1000
2898	1000	1000
2899	1000	1000
2900	1000	1000
2901	1000	1000
2902	1000	1000
2903	1000	1000
2904	1000	1000
2905	1000	1000
2906	1000	1000
2907	1000	1000
2908	1000	1000
2909	1000	1000
2910	1000	1000
2911	1000	1000
2912	1000	1000
2913	1000	1000
2914	1000	1000
2915	1000	1000
2916	1000	1000
2917	1000	1000
2918	1000	1000
2919	1000	1000
2920	1000	1000
2921	1000	1000
2922	1000	1000
2923	1000	1000
2924	1000	1000
2925	1000	1000
2926	1000	1000
2927	1000	1000
2928	1000	1000
2929	1000	1000
2930	1000	1000
2931	1000	1000
2932	1000	1000
2933	1000	1000
2934	1000	1000
2935	1000	1000
2936	1000	1000
2937	1000	1000
2938	1000	1000
2939	1000	1000
2940	1000	1000
2941	1000	1000
2942	1000	1000
2943	1000	1000
2944	1000	1000
2945	1000	1000
2946	1000	1000
2947	1000	1000
2948	1000	1000
2949	1000	1000
2950	1000	1000
2951	1000	1000
2952	1000	1000
2953	1000	1000
2954	1000	1000
2955	1000	1000
2956	1000	1000
2957	1000	1000
2958	1000	1000
2959	1000	1000
2960	1000	1000
2961	1000	1000
2962	1000	1000
2963	1000	1000
2964	1000	1000
2965	1000	1000
2966	1000	1000
2967	1000	1000
2968	1000	1000
2969	1000	1000
2970	1000	1000
2971	1000	1000
2972	1000	1000
2973	1000	1000
2974	1000	1000
2975	1000	1000
2976	1000	1000
2977	1000	1000
2978	1000	1000
2979	1000	1000
2980	1000	1000
2981	1000	1000
2982	1000	1000
2983	1000	1000
2984	1000	1000
2985	1000	1000
2986	1000	1000
2987	1000	1000
2988	1000	1000
2989	1000	1000
2990	1000	1000
2991	1000	1000
2992	1000	1000
2993	1000	1000
2994	1000	1000
2995	1000	1000
2996	1000	1000
2997	1000	1000
2998	1000	1000
2999	1000	1000
