0	1000	3000
1	1000	3000
2	1000	3000
3	1000	3000
4	1000	3000
5	1000	3000
6	1000	3000
7	1000	3000
8	1000	3000
9	1000	3000
10	1000	3000
11	1000	3000
12	1000	3000
13	1000	3000
14	1000	3000
15	1000	3000
16	1000	3000
17	1000	3000
18	1000	3000
19	1000	3000
20	1000	3000
21	1000	3000
22	1000	3000
23	1000	3000
24	1000	3000
25	1000	3000
26	1000	3000
27	1000	3000
28	1000	3000
29	1000	3000
30	1000	3000
31	1000	3000
32	1000	3000
33	1000	3000
34	1000	3000
35	1000	3000
36	1000	3000
37	1000	3000
38	1000	3000
39	1000	3000
40	1000	3000
41	1000	3000
42	1000	3000
43	1000	3000
44	1000	3000
45	1000	3000
46	1000	3000
47	1000	3000
48	1000	3000
49	1000	3000
50	1000	3000
51	1000	3000
52	1000	3000
53	1000	3000
54	1000	3000
55	1000	3000
56	1000	3000
57	1000	3000
58	1000	3000
59	1000	3000
60	1000	3000
61	1000	3000
62	1000	3000
63	1000	3000
64	1000	3000
65	1000	3000
66	1000	3000
67	1000	3000
68	1000	3000
69	1000	3000
70	1000	3000
71	1000	3000
72	1000	3000
73	1000	3000
74	1000	3000
75	1000	3000
76	1000	3000
77	1000	3000
78	1000	3000
79	1000	3000
80	1000	3000
81	1000	3000
82	1000	3000
83	1000	3000
84	1000	3000
85	1000	3000
86	1000	3000
87	1000	3000
88	1000	3000
89	1000	3000
90	1000	3000
91	1000	3000
92	1000	3000
93	1000	3000
94	1000	3000
95	1000	3000
96	1000	3000
97	1000	3000
98	1000	3000
99	1000	3000
100	1000	3000
101	1000	3000
102	1000	3000
103	1000	3000
104	1000	3000
105	1000	3000
106	1000	3000
107	1000	3000
108	1000	3000
109	1000	3000
110	1000	3000
111	1000	3000
112	1000	3000
113	1000	3000
114	1000	3000
115	1000	3000
116	1000	3000
117	1000	3000
118	1000	3000
119	1000	3000
120	1000	3000
121	1000	3000
122	1000	3000
123	1000	3000
124	1000	3000
125	1000	3000
126	1000	3000
127	1000	3000
128	1000	3000
129	1000	3000
130	1000	3000
131	1000	3000
132	1000	3000
133	1000	3000
134	1000	3000
135	1000	3000
136	1000	3000
137	1000	3000
138	1000	3000
139	1000	3000
140	1000	3000
141	1000	3000
142	1000	3000
143	1000	3000
144	1000	3000
145	1000	3000
146	1000	3000
147	1000	3000
148	1000	3000
149	1000	3000
150	1000	3000
151	1000	3000
152	1000	3000
153	1000	3000
154	1000	3000
155	1000	3000
156	1000	3000
157	1000	3000
158	1000	3000
159	1000	3000
160	1000	3000
161	1000	3000
162	1000	3000
163	1000	3000
164	1000	3000
165	1000	3000
166	1000	3000
167	1000	3000
168	1000	3000
169	1000	3000
170	1000	3000
171	1000	3000
172	1000	3000
173	1000	3000
174	1000	3000
175	1000	3000
176	1000	3000
177	1000	3000
178	1000	3000
179	1000	3000
180	1000	3000
181	1000	3000
182	1000	3000
183	1000	3000
184	1000	3000
185	1000	3000
186	1000	3000
187	1000	3000
188	1000	3000
189	1000	3000
190	1000	3000
191	1000	3000
192	1000	3000
193	1000	3000
194	1000	3000
195	1000	3000
196	1000	3000
197	1000	3000
198	1000	3000
199	1000	3000
200	1000	3000
201	1000	3000
202	1000	3000
203	1000	3000
204	1000	3000
205	1000	3000
206	1000	3000
207	1000	3000
208	1000	3000
209	1000	3000
210	1000	3000
211	1000	3000
212	1000	3000
213	1000	3000
214	1000	3000
215	1000	3000
216	1000	3000
217	1000	3000
218	1000	3000
219	1000	3000
220	1000	3000
221	1000	3000
222	1000	3000
223	1000	3000
224	1000	3000
225	1000	3000
226	1000	3000
227	1000	3000
228	1000	3000
229	1000	3000
230	1000	3000
231	1000	3000
232	1000	3000
233	1000	3000
234	1000	3000
235	1000	3000
236	1000	3000
237	1000	3000
238	1000	3000
239	1000	3000
240	1000	3000
241	1000	3000
242	1000	3000
243	1000	3000
244	1000	3000
245	1000	3000
246	1000	3000
247	1000	3000
248	1000	3000
249	1000	3000
250	1000	3000
251	1000	3000
252	1000	3000
253	1000	3000
254	1000	3000
255	1000	3000
256	1000	3000
257	1000	3000
258	1000	3000
259	1000	3000
260	1000	3000
261	1000	3000
262	1000	3000
263	1000	3000
264	1000	3000
265	1000	3000
266	1000	3000
267	1000	3000
268	1000	3000
269	1000	3000
270	1000	3000
271	1000	3000
272	1000	3000
273	1000	3000
274	1000	3000
275	1000	3000
276	1000	3000
277	1000	3000
278	1000	3000
279	1000	3000
280	1000	3000
281	1000	3000
282	1000	3000
283	1000	3000
284	1000	3000
285	1000	3000
286	1000	3000
287	1000	3000
288	1000	3000
289	1000	3000
290	1000	3000
291	1000	3000
292	1000	3000
293	1000	3000
294	1000	3000
295	1000	3000
296	1000	3000
297	1000	3000
298	1000	3000
299	1000	3000
300	1000	3000
301	1000	3000
302	1000	3000
303	1000	3000
304	1000	3000
305	1000	3000
306	1000	3000
307	1000	3000
308	1000	3000
309	1000	3000
310	1000	3000
311	1000	3000
312	1000	3000
313	1000	3000
314	1000	3000
315	1000	3000
316	1000	3000
317	1000	3000
318	1000	3000
319	1000	3000
320	1000	3000
321	1000	3000
322	1000	3000
323	1000	3000
324	1000	3000
325	1000	3000
326	1000	3000
327	1000	3000
328	1000	3000
329	1000	3000
330	1000	3000
331	1000	3000
332	1000	3000
333	1000	3000
334	1000	3000
335	1000	3000
336	1000	3000
337	1000	3000
338	1000	3000
339	1000	3000
340	1000	3000
341	1000	3000
342	1000	3000
343	1000	3000
344	1000	3000
345	1000	3000
346	1000	3000
347	1000	3000
348	1000	3000
349	1000	3000
350	1000	3000
351	1000	3000
352	1000	3000
353	1000	3000
354	1000	3000
355	1000	3000
356	1000	3000
357	1000	3000
358	1000	3000
359	1000	3000
360	1000	3000
361	1000	3000
362	1000	3000
363	1000	3000
364	1000	3000
365	1000	3000
366	1000	3000
367	1000	3000
368	1000	3000
369	1000	3000
370	1000	3000
371	1000	3000
372	1000	3000
373	1000	3000
374	1000	3000
375	1000	3000
376	1000	3000
377	1000	3000
378	1000	3000
379	1000	3000
380	1000	3000
381	1000	3000
382	1000	3000
383	1000	3000
384	1000	3000
385	1000	3000
386	1000	3000
387	1000	3000
388	1000	3000
389	1000	3000
390	1000	3000
391	1000	3000
392	1000	3000
393	1000	3000
394	1000	3000
395	1000	3000
396	1000	3000
397	1000	3000
398	1000	3000
399	1000	3000
400	1000	3000
401	1000	3000
402	1000	3000
403	1000	3000
404	1000	3000
405	1000	3000
406	1000	3000
407	1000	3000
408	1000	3000
409	1000	3000
410	1000	3000
411	1000	3000
412	1000	3000
413	1000	3000
414	1000	3000
415	1000	3000
416	1000	3000
417	1000	3000
418	1000	3000
419	1000	3000
420	1000	3000
421	1000	3000
422	1000	3000
423	1000	3000
424	1000	3000
425	1000	3000
426	1000	3000
427	1000	3000
428	1000	3000
429	1000	3000
430	1000	3000
431	1000	3000
432	1000	3000
433	1000	3000
434	1000	3000
435	1000	3000
436	1000	3000
437	1000	3000
438	1000	3000
439	1000	3000
440	1000	3000
441	1000	3000
442	1000	3000
443	1000	3000
444	1000	3000
445	1000	3000
446	1000	3000
447	1000	3000
448	1000	3000
449	1000	3000
450	1000	3000
451	1000	3000
452	1000	3000
453	1000	3000
454	1000	3000
455	1000	3000
456	1000	3000
457	1000	3000
458	1000	3000
459	1000	3000
460	1000	3000
461	1000	3000
462	1000	3000
463	1000	3000
464	1000	3000
465	1000	3000
466	1000	3000
467	1000	3000
468	1000	3000
469	1000	3000
470	1000	3000
471	1000	3000
472	1000	3000
473	1000	3000
474	1000	3000
475	1000	3000
476	1000	3000
477	1000	3000
478	1000	3000
479	1000	3000
480	1000	3000
481	1000	3000
482	1000	3000
483	1000	3000
484	1000	3000
485	1000	3000
486	1000	3000
487	1000	3000
488	1000	3000
489	1000	3000
490	1000	3000
491	1000	3000
492	1000	3000
493	1000	3000
494	1000	3000
495	1000	3000
496	1000	3000
497	1000	3000
498	1000	3000
499	1000	3000
500	1000	3000
501	1001	2999
502	1002	2998
503	1003	2997
504	1004	2996
505	1005	2995
506	1006	2994
507	1007	2993
508	1008	2992
509	1009	2991
510	1010	2990
511	1011	2989
512	1012	2988
513	1013	2987
514	1014	2986
515	1015	2985
516	1016	2984
517	1017	2983
518	1018	2982
519	1019	2981
520	1020	2980
521	1021	2979
522	1022	2978
523	1023	2977
524	1024	2976
525	1025	2975
526	1026	2974
527	1027	2973
528	1028	2972
529	1029	2971
530	1030	2970
531	1031	2969
532	1032	2968
533	1033	2967
534	1034	2966
535	1035	2965
536	1036	2964
537	1037	2963
538	1038	2962
539	1039	2961
540	1040	2960
541	1041	2959
542	1042	2958
543	1043	2957
544	1044	2956
545	1045	2955
546	1046	2954
547	1047	2953
548	1048	2952
549	1049	2951
550	1050	2950
551	1051	2949
552	1052	2948
553	1053	2947
554	1054	2946
555	1055	2945
556	1056	2944
557	1057	2943
558	1058	2942
559	1059	2941
560	1060	2940
561	1061	2939
562	1062	2938
563	1063	2937
564	1064	2936
565	1065	2935
566	1066	2934
567	1067	2933
568	1068	2932
569	1069	2931
570	1070	2930
571	1071	2929
572	1072	2928
573	1073	2927
574	1074	2926
575	1075	2925
576	1076	2924
577	1077	2923
578	1078	2922
579	1079	2921
580	1080	2920
581	1081	2919
582	1082	2918
583	1083	2917
584	1084	2916
585	1085	2915
586	1086	2914
587	1087	2913
588	1088	2912
589	1089	2911
590	1090	2910
591	1091	2909
592	1092	2908
593	1093	2907
594	1094	2906
595	1095	2905
596	1096	2904
597	1097	2903
598	1098	2902
599	1099	2901
600	1100	2900
601	1101	2899
602	1102	2898
603	1103	2897
604	1104	2896
605	1105	2895
606	1106	2894
607	1107	2893
608	1108	2892
609	1109	2891
610	1110	2890
611	1111	2889
612	1112	2888
613	1113	2887
614	1114	2886
615	1115	2885
616	1116	2884
617	1117	2883
618	1118	2882
619	1119	2881
620	1120	2880
621	1121	2879
622	1122	2878
623	1123	2877
624	1124	2876
625	1125	2875
626	1126	2874
627	1127	2873
628	1128	2872
629	1129	2871
630	1130	2870
631	1131	2869
632	1132	2868
633	1133	2867
634	1134	2866
635	1135	2865
636	1136	2864
637	1137	2863
638	1138	2862
639	1139	2861
640	1140	2860
641	1141	2859
642	1142	2858
643	1143	2857
644	1144	2856
645	1145	2855
646	1146	2854
647	1147	2853
648	1148	2852
649	1149	2851
650	1150	2850
651	1151	2849
652	1152	2848
653	1153	2847
654	1154	2846
655	1155	2845
656	1156	2844
657	1157	2843
658	1158	2842
659	1159	2841
660	1160	2840
661	1161	2839
662	1162	2838
663	1163	2837
664	1164	2836
665	1165	2835
666	1166	2834
667	1167	2833
668	1168	2832
669	1169	2831
670	1170	2830
671	1171	2829
672	1172	2828
673	1173	2827
674	1174	2826
675	1175	2825
676	1176	2824
677	1177	2823
678	1178	2822
679	1179	2821
680	1180	2820
681	1181	2819
682	1182	2818
683	1183	2817
684	1184	2816
685	1185	2815
686	1186	2814
687	1187	2813
688	1188	2812
689	1189	2811
690	1190	2810
691	1191	2809
692	1192	2808
693	1193	2807
694	1194	2806
695	1195	2805
696	1196	2804
697	1197	2803
698	1198	2802
699	1199	2801
700	1200	2800
701	1201	2799
702	1202	2798
703	1203	2797
704	1204	2796
705	1205	2795
706	1206	2794
707	1207	2793
708	1208	2792
709	1209	2791
710	1210	2790
711	1211	2789
712	1212	2788
713	1213	2787
714	1214	2786
715	1215	2785
716	1216	2784
717	1217	2783
718	1218	2782
719	1219	2781
720	1220	2780
721	1221	2779
722	1222	2778
723	1223	2777
724	1224	2776
725	1225	2775
726	1226	2774
727	1227	2773
728	1228	2772
729	1229	2771
730	1230	2770
731	1231	2769
732	1232	2768
733	1233	2767
734	1234	2766
735	1235	2765
736	1236	2764
737	1237	2763
738	1238	2762
739	1239	2761
740	1240	2760
741	1241	2759
742	1242	2758
743	1243	2757
744	1244	2756
745	1245	2755
746	1246	2754
747	1247	2753
748	1248	2752
749	1249	2751
750	1250	2750
751	1251	2749
752	1252	2748
753	1253	2747
754	1254	2746
755	1255	2745
756	1256	2744
757	1257	2743
758	1258	2742
759	1259	2741
760	1260	2740
761	1261	2739
762	1262	2738
763	1263	2737
764	1264	2736
765	1265	2735
766	1266	2734
767	1267	2733
768	1268	2732
769	1269	2731
770	1270	2730
771	1271	2729
772	1272	2728
773	1273	2727
774	1274	2726
775	1275	2725
776	1276	2724
777	1277	2723
778	1278	2722
779	1279	2721
780	1280	2720
781	1281	2719
782	1282	2718
783	1283	2717
784	1284	2716
785	1285	2715
786	1286	2714
787	1287	2713
788	1288	2712
789	1289	2711
790	1290	2710
791	1291	2709
792	1292	2708
793	1293	2707
794	1294	2706
795	1295	2705
796	1296	2704
797	1297	2703
798	1298	2702
799	1299	2701
800	1300	2700
801	1301	2699
802	1302	2698
803	1303	2697
804	1304	2696
805	1305	2695
806	1306	2694
807	1307	2693
808	1308	2692
809	1309	2691
810	1310	2690
811	1311	2689
812	1312	2688
813	1313	2687
814	1314	2686
815	1315	2685
816	1316	2684
817	1317	2683
818	1318	2682
819	1319	2681
820	1320	2680
821	1321	2679
822	1322	2678
823	1323	2677
824	1324	2676
825	1325	2675
826	1326	2674
827	1327	2673
828	1328	2672
829	1329	2671
830	1330	2670
831	1331	2669
832	1332	2668
833	1333	2667
834	1334	2666
835	1335	2665
836	1336	2664
837	1337	2663
838	1338	2662
839	1339	2661
840	1340	2660
841	1341	2659
842	1342	2658
843	1343	2657
844	1344	2656
845	1345	2655
846	1346	2654
847	1347	2653
848	1348	2652
849	1349	2651
850	1350	2650
851	1351	2649
852	1352	2648
853	1353	2647
854	1354	2646
855	1355	2645
856	1356	2644
857	1357	2643
858	1358	2642
859	1359	2641
860	1360	2640
861	1361	2639
862	1362	2638
863	1363	2637
864	1364	2636
865	1365	2635
866	1366	2634
867	1367	2633
868	1368	2632
869	1369	2631
870	1370	2630
871	1371	2629
872	1372	2628
873	1373	2627
874	1374	2626
875	1375	2625
876	1376	2624
877	1377	2623
878	1378	2622
879	1379	2621
880	1380	2620
881	1381	2619
882	1382	2618
883	1383	2617
884	1384	2616
885	1385	2615
886	1386	2614
887	1387	2613
888	1388	2612
889	1389	2611
890	1390	2610
891	1391	2609
892	1392	2608
893	1393	2607
894	1394	2606
895	1395	2605
896	1396	2604
897	1397	2603
898	1398	2602
899	1399	2601
900	1400	2600
901	1401	2599
902	1402	2598
903	1403	2597
904	1404	2596
905	1405	2595
906	1406	2594
907	1407	2593
908	1408	2592
909	1409	2591
910	1410	2590
911	1411	2589
912	1412	2588
913	1413	2587
914	1414	2586
915	1415	2585
916	1416	2584
917	1417	2583
918	1418	2582
919	1419	2581
920	1420	2580
921	1421	2579
922	1422	2578
923	1423	2577
924	1424	2576
925	1425	2575
926	1426	2574
927	1427	2573
928	1428	2572
929	1429	2571
930	1430	2570
931	1431	2569
932	1432	2568
933	1433	2567
934	1434	2566
935	1435	2565
936	1436	2564
937	1437	2563
938	1438	2562
939	1439	2561
940	1440	2560
941	1441	2559
942	1442	2558
943	1443	2557
944	1444	2556
945	1445	2555
946	1446	2554
947	1447	2553
948	1448	2552
949	1449	2551
950	1450	2550
951	1451	2549
952	1452	2548
953	1453	2547
954	1454	2546
955	1455	2545
956	1456	2544
957	1457	2543
958	1458	2542
959	1459	2541
960	1460	2540
961	1461	2539
962	1462	2538
963	1463	2537
964	1464	2536
965	1465	2535
966	1466	2534
967	1467	2533
968	1468	2532
969	1469	2531
970	1470	2530
971	1471	2529
972	1472	2528
973	1473	2527
974	1474	2526
975	1475	2525
976	1476	2524
977	1477	2523
978	1478	2522
979	1479	2521
980	1480	2520
981	1481	2519
982	1482	2518
983	1483	2517
984	1484	2516
985	1485	2515
986	1486	2514
987	1487	2513
988	1488	2512
989	1489	2511
990	1490	2510
991	1491	2509
992	1492	2508
993	1493	2507
994	1494	2506
995	1495	2505
996	1496	2504
997	1497	2503
998	1498	2502
999	1499	2501
1000	1500	2500
1001	1501	2499
1002	1502	2498
1003	1503	2497
1004	1504	2496
1005	1505	2495
1006	1506	2494
1007	1507	2493
1008	1508	2492
1009	1509	2491
1010	1510	2490
1011	1511	2489
1012	1512	2488
1013	1513	2487
1014	1514	2486
1015	1515	2485
1016	1516	2484
1017	1517	2483
1018	1518	2482
1019	1519	2481
1020	1520	2480
1021	1521	2479
1022	1522	2478
1023	1523	2477
1024	1524	2476
1025	1525	2475
1026	1526	2474
1027	1527	2473
1028	1528	2472
1029	1529	2471
1030	1530	2470
1031	1531	2469
1032	1532	2468
1033	1533	2467
1034	1534	2466
1035	1535	2465
1036	1536	2464
1037	1537	2463
1038	1538	2462
1039	1539	2461
1040	1540	2460
1041	1541	2459
1042	1542	2458
1043	1543	2457
1044	1544	2456
1045	1545	2455
1046	1546	2454
1047	1547	2453
1048	1548	2452
1049	1549	2451
1050	1550	2450
1051	1551	2449
1052	1552	2448
1053	1553	2447
1054	1554	2446
1055	1555	2445
1056	1556	2444
1057	1557	2443
1058	1558	2442
1059	1559	2441
1060	1560	2440
1061	1561	2439
1062	1562	2438
1063	1563	2437
1064	1564	2436
1065	1565	2435
1066	1566	2434
1067	1567	2433
1068	1568	2432
1069	1569	2431
1070	1570	2430
1071	1571	2429
1072	1572	2428
1073	1573	2427
1074	1574	2426
1075	1575	2425
1076	1576	2424
1077	1577	2423
1078	1578	2422
1079	1579	2421
1080	1580	2420
1081	1581	2419
1082	1582	2418
1083	1583	2417
1084	1584	2416
1085	1585	2415
1086	1586	2414
1087	1587	2413
1088	1588	2412
1089	1589	2411
1090	1590	2410
1091	1591	2409
1092	1592	2408
1093	1593	2407
1094	1594	2406
1095	1595	2405
1096	1596	2404
1097	1597	2403
1098	1598	2402
1099	1599	2401
1100	1600	2400
1101	1601	2399
1102	1602	2398
1103	1603	2397
1104	1604	2396
1105	1605	2395
1106	1606	2394
1107	1607	2393
1108	1608	2392
1109	1609	2391
1110	1610	2390
1111	1611	2389
1112	1612	2388
1113	1613	2387
1114	1614	2386
1115	1615	2385
1116	1616	2384
1117	1617	2383
1118	1618	2382
1119	1619	2381
1120	1620	2380
1121	1621	2379
1122	1622	2378
1123	1623	2377
1124	1624	2376
1125	1625	2375
1126	1626	2374
1127	1627	2373
1128	1628	2372
1129	1629	2371
1130	1630	2370
1131	1631	2369
1132	1632	2368
1133	1633	2367
1134	1634	2366
1135	1635	2365
1136	1636	2364
1137	1637	2363
1138	1638	2362
1139	1639	2361
1140	1640	2360
1141	1641	2359
1142	1642	2358
1143	1643	2357
1144	1644	2356
1145	1645	2355
1146	1646	2354
1147	1647	2353
1148	1648	2352
1149	1649	2351
1150	1650	2350
1151	1651	2349
1152	1652	2348
1153	1653	2347
1154	1654	2346
1155	1655	2345
1156	1656	2344
1157	1657	2343
1158	1658	2342
1159	1659	2341
1160	1660	2340
1161	1661	2339
1162	1662	2338
1163	1663	2337
1164	1664	2336
1165	1665	2335
1166	1666	2334
1167	1667	2333
1168	1668	2332
1169	1669	2331
1170	1670	2330
1171	1671	2329
1172	1672	2328
1173	1673	2327
1174	1674	2326
1175	1675	2325
1176	1676	2324
1177	1677	2323
1178	1678	2322
1179	1679	2321
1180	1680	2320
1181	1681	2319
1182	1682	2318
1183	1683	2317
1184	1684	2316
1185	1685	2315
1186	1686	2314
1187	1687	2313
1188	1688	2312
1189	1689	2311
1190	1690	2310
1191	1691	2309
1192	1692	2308
1193	1693	2307
1194	1694	2306
1195	1695	2305
1196	1696	2304
1197	1697	2303
1198	1698	2302
1199	1699	2301
1200	1700	2300
1201	1701	2299
1202	1702	2298
1203	1703	2297
1204	1704	2296
1205	1705	2295
1206	1706	2294
1207	1707	2293
1208	1708	2292
1209	1709	2291
1210	1710	2290
1211	1711	2289
1212	1712	2288
1213	1713	2287
1214	1714	2286
1215	1715	2285
1216	1716	2284
1217	1717	2283
1218	1718	2282
1219	1719	2281
1220	1720	2280
1221	1721	2279
1222	1722	2278
1223	1723	2277
1224	1724	2276
1225	1725	2275
1226	1726	2274
1227	1727	2273
1228	1728	2272
1229	1729	2271
1230	1730	2270
1231	1731	2269
1232	1732	2268
1233	1733	2267
1234	1734	2266
1235	1735	2265
1236	1736	2264
1237	1737	2263
1238	1738	2262
1239	1739	2261
1240	1740	2260
1241	1741	2259
1242	1742	2258
1243	1743	2257
1244	1744	2256
1245	1745	2255
1246	1746	2254
1247	1747	2253
1248	1748	2252
1249	1749	2251
1250	1750	2250
1251	1751	2249
1252	1752	2248
1253	1753	2247
1254	1754	2246
1255	1755	2245
1256	1756	2244
1257	1757	2243
1258	1758	2242
1259	1759	2241
1260	1760	2240
1261	1761	2239
1262	1762	2238
1263	1763	2237
1264	1764	2236
1265	1765	2235
1266	1766	2234
1267	1767	2233
1268	1768	2232
1269	1769	2231
1270	1770	2230
1271	1771	2229
1272	1772	2228
1273	1773	2227
1274	1774	2226
1275	1775	2225
1276	1776	2224
1277	1777	2223
1278	1778	2222
1279	1779	2221
1280	1780	2220
1281	1781	2219
1282	1782	2218
1283	1783	2217
1284	1784	2216
1285	1785	2215
1286	1786	2214
1287	1787	2213
1288	1788	2212
1289	1789	2211
1290	1790	2210
1291	1791	2209
1292	1792	2208
1293	1793	2207
1294	1794	2206
1295	1795	2205
1296	1796	2204
1297	1797	2203
1298	1798	2202
1299	1799	2201
1300	1800	2200
1301	1801	2199
1302	1802	2198
1303	1803	2197
1304	1804	2196
1305	1805	2195
1306	1806	2194
1307	1807	2193
1308	1808	2192
1309	1809	2191
1310	1810	2190
1311	1811	2189
1312	1812	2188
1313	1813	2187
1314	1814	2186
1315	1815	2185
1316	1816	2184
1317	1817	2183
1318	1818	2182
1319	1819	2181
1320	1820	2180
1321	1821	2179
1322	1822	2178
1323	1823	2177
1324	1824	2176
1325	1825	2175
1326	1826	2174
1327	1827	2173
1328	1828	2172
1329	1829	2171
1330	1830	2170
1331	1831	2169
1332	1832	2168
1333	1833	2167
1334	1834	2166
1335	1835	2165
1336	1836	2164
1337	1837	2163
1338	1838	2162
1339	1839	2161
1340	1840	2160
1341	1841	2159
1342	1842	2158
1343	1843	2157
1344	1844	2156
1345	1845	2155
1346	1846	2154
1347	1847	2153
1348	1848	2152
1349	1849	2151
1350	1850	2150
1351	1851	2149
1352	1852	2148
1353	1853	2147
1354	1854	2146
1355	1855	2145
1356	1856	2144
1357	1857	2143
1358	1858	2142
1359	1859	2141
1360	1860	2140
1361	1861	2139
1362	1862	2138
1363	1863	2137
1364	1864	2136
1365	1865	2135
1366	1866	2134
1367	1867	2133
1368	1868	2132
1369	1869	2131
1370	1870	2130
1371	1871	2129
1372	1872	2128
1373	1873	2127
1374	1874	2126
1375	1875	2125
1376	1876	2124
1377	1877	2123
1378	1878	2122
1379	1879	2121
1380	1880	2120
1381	1881	2119
1382	1882	2118
1383	1883	2117
1384	1884	2116
1385	1885	2115
1386	1886	2114
1387	1887	2113
1388	1888	2112
1389	1889	2111
1390	1890	2110
1391	1891	2109
1392	1892	2108
1393	1893	2107
1394	1894	2106
1395	1895	2105
1396	1896	2104
1397	1897	2103
1398	1898	2102
1399	1899	2101
1400	1900	2100
1401	1901	2099
1402	1902	2098
1403	1903	2097
1404	1904	2096
1405	1905	2095
1406	1906	2094
1407	1907	2093
1408	1908	2092
1409	1909	2091
1410	1910	2090
1411	1911	2089
1412	1912	2088
1413	1913	2087
1414	1914	2086
1415	1915	2085
1416	1916	2084
1417	1917	2083
1418	1918	2082
1419	1919	2081
1420	1920	2080
1421	1921	2079
1422	1922	2078
1423	1923	2077
1424	1924	2076
1425	1925	2075
1426	1926	2074
1427	1927	2073
1428	1928	2072
1429	1929	2071
1430	1930	2070
1431	1931	2069
1432	1932	2068
1433	1933	2067
1434	1934	2066
1435	1935	2065
1436	1936	2064
1437	1937	2063
1438	1938	2062
1439	1939	2061
1440	1940	2060
1441	1941	2059
1442	1942	2058
1443	1943	2057
1444	1944	2056
1445	1945	2055
1446	1946	2054
1447	1947	2053
1448	1948	2052
1449	1949	2051
1450	1950	2050
1451	1951	2049
1452	1952	2048
1453	1953	2047
1454	1954	2046
1455	1955	2045
1456	1956	2044
1457	1957	2043
1458	1958	2042
1459	1959	2041
1460	1960	2040
1461	1961	2039
1462	1962	2038
1463	1963	2037
1464	1964	2036
1465	1965	2035
1466	1966	2034
1467	1967	2033
1468	1968	2032
1469	1969	2031
1470	1970	2030
1471	1971	2029
1472	1972	2028
1473	1973	2027
1474	1974	2026
1475	1975	2025
1476	1976	2024
1477	1977	2023
1478	1978	2022
1479	1979	2021
1480	1980	2020
1481	1981	2019
1482	1982	2018
1483	1983	2017
1484	1984	2016
1485	1985	2015
1486	1986	2014
1487	1987	2013
1488	1988	2012
1489	1989	2011
1490	1990	2010
1491	1991	2009
1492	1992	2008
1493	1993	2007
1494	1994	2006
1495	1995	2005
1496	1996	2004
1497	1997	2003
1498	1998	2002
1499	1999	2001
1500	2000	2000
1501	2001	1999
1502	2002	1998
1503	2003	1997
1504	2004	1996
1505	2005	1995
1506	2006	1994
1507	2007	1993
1508	2008	1992
1509	2009	1991
1510	2010	1990
1511	2011	1989
1512	2012	1988
1513	2013	1987
1514	2014	1986
1515	2015	1985
1516	2016	1984
1517	2017	1983
1518	2018	1982
1519	2019	1981
1520	2020	1980
1521	2021	1979
1522	2022	1978
1523	2023	1977
1524	2024	1976
1525	2025	1975
1526	2026	1974
1527	2027	1973
1528	2028	1972
1529	2029	1971
1530	2030	1970
1531	2031	1969
1532	2032	1968
1533	2033	1967
1534	2034	1966
1535	2035	1965
1536	2036	1964
1537	2037	1963
1538	2038	1962
1539	2039	1961
1540	2040	1960
1541	2041	1959
1542	2042	1958
1543	2043	1957
1544	2044	1956
1545	2045	1955
1546	2046	1954
1547	2047	1953
1548	2048	1952
1549	2049	1951
1550	2050	1950
1551	2051	1949
1552	2052	1948
1553	2053	1947
1554	2054	1946
1555	2055	1945
1556	2056	1944
1557	2057	1943
1558	2058	1942
1559	2059	1941
1560	2060	1940
1561	2061	1939
1562	2062	1938
1563	2063	1937
1564	2064	1936
1565	2065	1935
1566	2066	1934
1567	2067	1933
1568	2068	1932
1569	2069	1931
1570	2070	1930
1571	2071	1929
1572	2072	1928
1573	2073	1927
1574	2074	1926
1575	2075	1925
1576	2076	1924
1577	2077	1923
1578	2078	1922
1579	2079	1921
1580	2080	1920
1581	2081	1919
1582	2082	1918
1583	2083	1917
1584	2084	1916
1585	2085	1915
1586	2086	1914
1587	2087	1913
1588	2088	1912
1589	2089	1911
1590	2090	1910
1591	2091	1909
1592	2092	1908
1593	2093	1907
1594	2094	1906
1595	2095	1905
1596	2096	1904
1597	2097	1903
1598	2098	1902
1599	2099	1901
1600	2100	1900
1601	2101	1899
1602	2102	1898
1603	2103	1897
1604	2104	1896
1605	2105	1895
1606	2106	1894
1607	2107	1893
1608	2108	1892
1609	2109	1891
1610	2110	1890
1611	2111	1889
1612	2112	1888
1613	2113	1887
1614	2114	1886
1615	2115	1885
1616	2116	1884
1617	2117	1883
1618	2118	1882
1619	2119	1881
1620	2120	1880
1621	2121	1879
1622	2122	1878
1623	2123	1877
1624	2124	1876
1625	2125	1875
1626	2126	1874
1627	2127	1873
1628	2128	1872
1629	2129	1871
1630	2130	1870
1631	2131	1869
1632	2132	1868
1633	2133	1867
1634	2134	1866
1635	2135	1865
1636	2136	1864
1637	2137	1863
1638	2138	1862
1639	2139	1861
1640	2140	1860
1641	2141	1859
1642	2142	1858
1643	2143	1857
1644	2144	1856
1645	2145	1855
1646	2146	1854
1647	2147	1853
1648	2148	1852
1649	2149	1851
1650	2150	1850
1651	2151	1849
1652	2152	1848
1653	2153	1847
1654	2154	1846
1655	2155	1845
1656	2156	1844
1657	2157	1843
1658	2158	1842
1659	2159	1841
1660	2160	1840
1661	2161	1839
1662	2162	1838
1663	2163	1837
1664	2164	1836
1665	2165	1835
1666	2166	1834
1667	2167	1833
1668	2168	1832
1669	2169	1831
1670	2170	1830
1671	2171	1829
1672	2172	1828
1673	2173	1827
1674	2174	1826
1675	2175	1825
1676	2176	1824
1677	2177	1823
1678	2178	1822
1679	2179	1821
1680	2180	1820
1681	2181	1819
1682	2182	1818
1683	2183	1817
1684	2184	1816
1685	2185	1815
1686	2186	1814
1687	2187	1813
1688	2188	1812
1689	2189	1811
1690	2190	1810
1691	2191	1809
1692	2192	1808
1693	2193	1807
1694	2194	1806
1695	2195	1805
1696	2196	1804
1697	2197	1803
1698	2198	1802
1699	2199	1801
1700	2200	1800
1701	2201	1799
1702	2202	1798
1703	2203	1797
1704	2204	1796
1705	2205	1795
1706	2206	1794
1707	2207	1793
1708	2208	1792
1709	2209	1791
1710	2210	1790
1711	2211	1789
1712	2212	1788
1713	2213	1787
1714	2214	1786
1715	2215	1785
1716	2216	1784
1717	2217	1783
1718	2218	1782
1719	2219	1781
1720	2220	1780
1721	2221	1779
1722	2222	1778
1723	2223	1777
1724	2224	1776
1725	2225	1775
1726	2226	1774
1727	2227	1773
1728	2228	1772
1729	2229	1771
1730	2230	1770
1731	2231	1769
1732	2232	1768
1733	2233	1767
1734	2234	1766
1735	2235	1765
1736	2236	1764
1737	2237	1763
1738	2238	1762
1739	2239	1761
1740	2240	1760
1741	2241	1759
1742	2242	1758
1743	2243	1757
1744	2244	1756
1745	2245	1755
1746	2246	1754
1747	2247	1753
1748	2248	1752
1749	2249	1751
1750	2250	1750
1751	2251	1749
1752	2252	1748
1753	2253	1747
1754	2254	1746
1755	2255	1745
1756	2256	1744
1757	2257	1743
1758	2258	1742
1759	2259	1741
1760	2260	1740
1761	2261	1739
1762	2262	1738
1763	2263	1737
1764	2264	1736
1765	2265	1735
1766	2266	1734
1767	2267	1733
1768	2268	1732
1769	2269	1731
1770	2270	1730
1771	2271	1729
1772	2272	1728
1773	2273	1727
1774	2274	1726
1775	2275	1725
1776	2276	1724
1777	2277	1723
1778	2278	1722
1779	2279	1721
1780	2280	1720
1781	2281	1719
1782	2282	1718
1783	2283	1717
1784	2284	1716
1785	2285	1715
1786	2286	1714
1787	2287	1713
1788	2288	1712
1789	2289	1711
1790	2290	1710
1791	2291	1709
1792	2292	1708
1793	2293	1707
1794	2294	1706
1795	2295	1705
1796	2296	1704
1797	2297	1703
1798	2298	1702
1799	2299	1701
1800	2300	1700
1801	2301	1699
1802	2302	1698
1803	2303	1697
1804	2304	1696
1805	2305	1695
1806	2306	1694
1807	2307	1693
1808	2308	1692
1809	2309	1691
1810	2310	1690
1811	2311	1689
1812	2312	1688
1813	2313	1687
1814	2314	1686
1815	2315	1685
1816	2316	1684
1817	2317	1683
1818	2318	1682
1819	2319	1681
1820	2320	1680
1821	2321	1679
1822	2322	1678
1823	2323	1677
1824	2324	1676
1825	2325	1675
1826	2326	1674
1827	2327	1673
1828	2328	1672
1829	2329	1671
1830	2330	1670
1831	2331	1669
1832	2332	1668
1833	2333	1667
1834	2334	1666
1835	2335	1665
1836	2336	1664
1837	2337	1663
1838	2338	1662
1839	2339	1661
1840	2340	1660
1841	2341	1659
1842	2342	1658
1843	2343	1657
1844	2344	1656
1845	2345	1655
1846	2346	1654
1847	2347	1653
1848	2348	1652
1849	2349	1651
1850	2350	1650
1851	2351	1649
1852	2352	1648
1853	2353	1647
1854	2354	1646
1855	2355	1645
1856	2356	1644
1857	2357	1643
1858	2358	1642
1859	2359	1641
1860	2360	1640
1861	2361	1639
1862	2362	1638
1863	2363	1637
1864	2364	1636
1865	2365	1635
1866	2366	1634
1867	2367	1633
1868	2368	1632
1869	2369	1631
1870	2370	1630
1871	2371	1629
1872	2372	1628
1873	2373	1627
1874	2374	1626
1875	2375	1625
1876	2376	1624
1877	2377	1623
1878	2378	1622
1879	2379	1621
1880	2380	1620
1881	2381	1619
1882	2382	1618
1883	2383	1617
1884	2384	1616
1885	2385	1615
1886	2386	1614
1887	2387	1613
1888	2388	1612
1889	2389	1611
1890	2390	1610
1891	2391	1609
1892	2392	1608
1893	2393	1607
1894	2394	1606
1895	2395	1605
1896	2396	1604
1897	2397	1603
1898	2398	1602
1899	2399	1601
1900	2400	1600
1901	2401	1599
1902	2402	1598
1903	2403	1597
1904	2404	1596
1905	2405	1595
1906	2406	1594
1907	2407	1593
1908	2408	1592
1909	2409	1591
1910	2410	1590
1911	2411	1589
1912	2412	1588
1913	2413	1587
1914	2414	1586
1915	2415	1585
1916	2416	1584
1917	2417	1583
1918	2418	1582
1919	2419	1581
1920	2420	1580
1921	2421	1579
1922	2422	1578
1923	2423	1577
1924	2424	1576
1925	2425	1575
1926	2426	1574
1927	2427	1573
1928	2428	1572
1929	2429	1571
1930	2430	1570
1931	2431	1569
1932	2432	1568
1933	2433	1567
1934	2434	1566
1935	2435	1565
1936	2436	1564
1937	2437	1563
1938	2438	1562
1939	2439	1561
1940	2440	1560
1941	2441	1559
1942	2442	1558
1943	2443	1557
1944	2444	1556
1945	2445	1555
1946	2446	1554
1947	2447	1553
1948	2448	1552
1949	2449	1551
1950	2450	1550
1951	2451	1549
1952	2452	1548
1953	2453	1547
1954	2454	1546
1955	2455	1545
1956	2456	1544
1957	2457	1543
1958	2458	1542
1959	2459	1541
1960	2460	1540
1961	2461	1539
1962	2462	1538
1963	2463	1537
1964	2464	1536
1965	2465	1535
1966	2466	1534
1967	2467	1533
1968	2468	1532
1969	2469	1531
1970	2470	1530
1971	2471	1529
1972	2472	1528
1973	2473	1527
1974	2474	1526
1975	2475	1525
1976	2476	1524
1977	2477	1523
1978	2478	1522
1979	2479	1521
1980	2480	1520
1981	2481	1519
1982	2482	1518
1983	2483	1517
1984	2484	1516
1985	2485	1515
1986	2486	1514
1987	2487	1513
1988	2488	1512
1989	2489	1511
1990	2490	1510
1991	2491	1509
1992	2492	1508
1993	2493	1507
1994	2494	1506
1995	2495	1505
1996	2496	1504
1997	2497	1503
1998	2498	1502
1999	2499	1501
2000	2500	1500
2001	2501	1499
2002	2502	1498
2003	2503	1497
2004	2504	1496
2005	2505	1495
2006	2506	1494
2007	2507	1493
2008	2508	1492
2009	2509	1491
2010	2510	1490
2011	2511	1489
2012	2512	1488
2013	2513	1487
2014	2514	1486
2015	2515	1485
2016	2516	1484
2017	2517	1483
2018	2518	1482
2019	2519	1481
2020	2520	1480
2021	2521	1479
2022	2522	1478
2023	2523	1477
2024	2524	1476
2025	2525	1475
2026	2526	1474
2027	2527	1473
2028	2528	1472
2029	2529	1471
2030	2530	1470
2031	2531	1469
2032	2532	1468
2033	2533	1467
2034	2534	1466
2035	2535	1465
2036	2536	1464
2037	2537	1463
2038	2538	1462
2039	2539	1461
2040	2540	1460
2041	2541	1459
2042	2542	1458
2043	2543	1457
2044	2544	1456
2045	2545	1455
2046	2546	1454
2047	2547	1453
2048	2548	1452
2049	2549	1451
2050	2550	1450
2051	2551	1449
2052	2552	1448
2053	2553	1447
2054	2554	1446
2055	2555	1445
2056	2556	1444
2057	2557	1443
2058	2558	1442
2059	2559	1441
2060	2560	1440
2061	2561	1439
2062	2562	1438
2063	2563	1437
2064	2564	1436
2065	2565	1435
2066	2566	1434
2067	2567	1433
2068	2568	1432
2069	2569	1431
2070	2570	1430
2071	2571	1429
2072	2572	1428
2073	2573	1427
2074	2574	1426
2075	2575	1425
2076	2576	1424
2077	2577	1423
2078	2578	1422
2079	2579	1421
2080	2580	1420
2081	2581	1419
2082	2582	1418
2083	2583	1417
2084	2584	1416
2085	2585	1415
2086	2586	1414
2087	2587	1413
2088	2588	1412
2089	2589	1411
2090	2590	1410
2091	2591	1409
2092	2592	1408
2093	2593	1407
2094	2594	1406
2095	2595	1405
2096	2596	1404
2097	2597	1403
2098	2598	1402
2099	2599	1401
2100	2600	1400
2101	2601	1399
2102	2602	1398
2103	2603	1397
2104	2604	1396
2105	2605	1395
2106	2606	1394
2107	2607	1393
2108	2608	1392
2109	2609	1391
2110	2610	1390
2111	2611	1389
2112	2612	1388
2113	2613	1387
2114	2614	1386
2115	2615	1385
2116	2616	1384
2117	2617	1383
2118	2618	1382
2119	2619	1381
2120	2620	1380
2121	2621	1379
2122	2622	1378
2123	2623	1377
2124	2624	1376
2125	2625	1375
2126	2626	1374
2127	2627	1373
2128	2628	1372
2129	2629	1371
2130	2630	1370
2131	2631	1369
2132	2632	1368
2133	2633	1367
2134	2634	1366
2135	2635	1365
2136	2636	1364
2137	2637	1363
2138	2638	1362
2139	2639	1361
2140	2640	1360
2141	2641	1359
2142	2642	1358
2143	2643	1357
2144	2644	1356
2145	2645	1355
2146	2646	1354
2147	2647	1353
2148	2648	1352
2149	2649	1351
2150	2650	1350
2151	2651	1349
2152	2652	1348
2153	2653	1347
2154	2654	1346
2155	2655	1345
2156	2656	1344
2157	2657	1343
2158	2658	1342
2159	2659	1341
2160	2660	1340
2161	2661	1339
2162	2662	1338
2163	2663	1337
2164	2664	1336
2165	2665	1335
2166	2666	1334
2167	2667	1333
2168	2668	1332
2169	2669	1331
2170	2670	1330
2171	2671	1329
2172	2672	1328
2173	2673	1327
2174	2674	1326
2175	2675	1325
2176	2676	1324
2177	2677	1323
2178	2678	1322
2179	2679	1321
2180	2680	1320
2181	2681	1319
2182	2682	1318
2183	2683	1317
2184	2684	1316
2185	2685	1315
2186	2686	1314
2187	2687	1313
2188	2688	1312
2189	2689	1311
2190	2690	1310
2191	2691	1309
2192	2692	1308
2193	2693	1307
2194	2694	1306
2195	2695	1305
2196	2696	1304
2197	2697	1303
2198	2698	1302
2199	2699	1301
2200	2700	1300
2201	2701	1299
2202	2702	1298
2203	2703	1297
2204	2704	1296
2205	2705	1295
2206	2706	1294
2207	2707	1293
2208	2708	1292
2209	2709	1291
2210	2710	1290
2211	2711	1289
2212	2712	1288
2213	2713	1287
2214	2714	1286
2215	2715	1285
2216	2716	1284
2217	2717	1283
2218	2718	1282
2219	2719	1281
2220	2720	1280
2221	2721	1279
2222	2722	1278
2223	2723	1277
2224	2724	1276
2225	2725	1275
2226	2726	1274
2227	2727	1273
2228	2728	1272
2229	2729	1271
2230	2730	1270
2231	2731	1269
2232	2732	1268
2233	2733	1267
2234	2734	1266
2235	2735	1265
2236	2736	1264
2237	2737	1263
2238	2738	1262
2239	2739	1261
2240	2740	1260
2241	2741	1259
2242	2742	1258
2243	2743	1257
2244	2744	1256
2245	2745	1255
2246	2746	1254
2247	2747	1253
2248	2748	1252
2249	2749	1251
2250	2750	1250
2251	2751	1249
2252	2752	1248
2253	2753	1247
2254	2754	1246
2255	2755	1245
2256	2756	1244
2257	2757	1243
2258	2758	1242
2259	2759	1241
2260	2760	1240
2261	2761	1239
2262	2762	1238
2263	2763	1237
2264	2764	1236
2265	2765	1235
2266	2766	1234
2267	2767	1233
2268	2768	1232
2269	2769	1231
2270	2770	1230
2271	2771	1229
2272	2772	1228
2273	2773	1227
2274	2774	1226
2275	2775	1225
2276	2776	1224
2277	2777	1223
2278	2778	1222
2279	2779	1221
2280	2780	1220
2281	2781	1219
2282	2782	1218
2283	2783	1217
2284	2784	1216
2285	2785	1215
2286	2786	1214
2287	2787	1213
2288	2788	1212
2289	2789	1211
2290	2790	1210
2291	2791	1209
2292	2792	1208
2293	2793	1207
2294	2794	1206
2295	2795	1205
2296	2796	1204
2297	2797	1203
2298	2798	1202
2299	2799	1201
2300	2800	1200
2301	2801	1199
2302	2802	1198
2303	2803	1197
2304	2804	1196
2305	2805	1195
2306	2806	1194
2307	2807	1193
2308	2808	1192
2309	2809	1191
2310	2810	1190
2311	2811	1189
2312	2812	1188
2313	2813	1187
2314	2814	1186
2315	2815	1185
2316	2816	1184
2317	2817	1183
2318	2818	1182
2319	2819	1181
2320	2820	1180
2321	2821	1179
2322	2822	1178
2323	2823	1177
2324	2824	1176
2325	2825	1175
2326	2826	1174
2327	2827	1173
2328	2828	1172
2329	2829	1171
2330	2830	1170
2331	2831	1169
2332	2832	1168
2333	2833	1167
2334	2834	1166
2335	2835	1165
2336	2836	1164
2337	2837	1163
2338	2838	1162
2339	2839	1161
2340	2840	1160
2341	2841	1159
2342	2842	1158
2343	2843	1157
2344	2844	1156
2345	2845	1155
2346	2846	1154
2347	2847	1153
2348	2848	1152
2349	2849	1151
2350	2850	1150
2351	2851	1149
2352	2852	1148
2353	2853	1147
2354	2854	1146
2355	2855	1145
2356	2856	1144
2357	2857	1143
2358	2858	1142
2359	2859	1141
2360	2860	1140
2361	2861	1139
2362	2862	1138
2363	2863	1137
2364	2864	1136
2365	2865	1135
2366	2866	1134
2367	2867	1133
2368	2868	1132
2369	2869	1131
2370	2870	1130
2371	2871	1129
2372	2872	1128
2373	2873	1127
2374	2874	1126
2375	2875	1125
2376	2876	1124
2377	2877	1123
2378	2878	1122
2379	2879	1121
2380	2880	1120
2381	2881	1119
2382	2882	1118
2383	2883	1117
2384	2884	1116
2385	2885	1115
2386	2886	1114
2387	2887	1113
2388	2888	1112
2389	2889	1111
2390	2890	1110
2391	2891	1109
2392	2892	1108
2393	2893	1107
2394	2894	1106
2395	2895	1105
2396	2896	1104
2397	2897	1103
2398	2898	1102
2399	2899	1101
2400	2900	1100
2401	2901	1099
2402	2902	1098
2403	2903	1097
2404	2904	1096
2405	2905	1095
2406	2906	1094
2407	2907	1093
2408	2908	1092
2409	2909	1091
2410	2910	1090
2411	2911	1089
2412	2912	1088
2413	2913	1087
2414	2914	1086
2415	2915	1085
2416	2916	1084
2417	2917	1083
2418	2918	1082
2419	2919	1081
2420	2920	1080
2421	2921	1079
2422	2922	1078
2423	2923	1077
2424	2924	1076
2425	2925	1075
2426	2926	1074
2427	2927	1073
2428	2928	1072
2429	2929	1071
2430	2930	1070
2431	2931	1069
2432	2932	1068
2433	2933	1067
2434	2934	1066
2435	2935	1065
2436	2936	1064
2437	2937	1063
2438	2938	1062
2439	2939	1061
2440	2940	1060
2441	2941	1059
2442	2942	1058
2443	2943	1057
2444	2944	1056
2445	2945	1055
2446	2946	1054
2447	2947	1053
2448	2948	1052
2449	2949	1051
2450	2950	1050
2451	2951	1049
2452	2952	1048
2453	2953	1047
2454	2954	1046
2455	2955	1045
2456	2956	1044
2457	2957	1043
2458	2958	1042
2459	2959	1041
2460	2960	1040
2461	2961	1039
2462	2962	1038
2463	2963	1037
2464	2964	1036
2465	2965	1035
2466	2966	1034
2467	2967	1033
2468	2968	1032
2469	2969	1031
2470	2970	1030
2471	2971	1029
2472	2972	1028
2473	2973	1027
2474	2974	1026
2475	2975	1025
2476	2976	1024
2477	2977	1023
2478	2978	1022
2479	2979	1021
2480	2980	1020
2481	2981	1019
2482	2982	1018
2483	2983	1017
2484	2984	1016
2485	2985	1015
2486	2986	1014
2487	2987	1013
2488	2988	1012
2489	2989	1011
2490	2990	1010
2491	2991	1009
2492	2992	1008
2493	2993	1007
2494	2994	1006
2495	2995	1005
2496	2996	1004
2497	2997	1003
2498	2998	1002
2499	2999	1001
2500	3000	1000
2501	3000	1000
2502	3000	1000
2503	3000	1000
2504	3000	1000
2505	3000	1000
2506	3000	1000
2507	3000	1000
2508	3000	1000
2509	3000	1000
2510	3000	1000
2511	3000	1000
2512	3000	1000
2513	3000	1000
2514	3000	1000
2515	3000	1000
2516	3000	1000
2517	3000	1000
2518	3000	1000
2519	3000	1000
2520	3000	1000
2521	3000	1000
2522	3000	1000
2523	3000	1000
2524	3000	1000
2525	3000	1000
2526	3000	1000
2527	3000	1000
2528	3000	1000
2529	3000	1000
2530	3000	1000
2531	3000	1000
2532	3000	1000
2533	3000	1000
2534	3000	1000
2535	3000	1000
2536	3000	1000
2537	3000	1000
2538	3000	1000
2539	3000	1000
2540	3000	1000
2541	3000	1000
2542	3000	1000
2543	3000	1000
2544	3000	1000
2545	3000	1000
2546	3000	1000
2547	3000	1000
2548	3000	1000
2549	3000	1000
2550	3000	1000
2551	3000	1000
2552	3000	1000
2553	3000	1000
2554	3000	1000
2555	3000	1000
2556	3000	1000
2557	3000	1000
2558	3000	1000
2559	3000	1000
2560	3000	1000
2561	3000	1000
2562	3000	1000
2563	3000	1000
2564	3000	1000
2565	3000	1000
2566	3000	1000
2567	3000	1000
2568	3000	1000
2569	3000	1000
2570	3000	1000
2571	3000	1000
2572	3000	1000
2573	3000	1000
2574	3000	1000
2575	3000	1000
2576	3000	1000
2577	3000	1000
2578	3000	1000
2579	3000	1000
2580	3000	1000
2581	3000	1000
2582	3000	1000
2583	3000	1000
2584	3000	1000
2585	3000	1000
2586	3000	1000
2587	3000	1000
2588	3000	1000
2589	3000	1000
2590	3000	1000
2591	3000	1000
2592	3000	1000
2593	3000	1000
2594	3000	1000
2595	3000	1000
2596	3000	1000
2597	3000	1000
2598	3000	1000
2599	3000	1000
2600	3000	1000
2601	3000	1000
2602	3000	1000
2603	3000	1000
2604	3000	1000
2605	3000	1000
2606	3000	1000
2607	3000	1000
2608	3000	1000
2609	3000	1000
2610	3000	1000
2611	3000	1000
2612	3000	1000
2613	3000	1000
2614	3000	1000
2615	3000	1000
2616	3000	1000
2617	3000	1000
2618	3000	1000
2619	3000	1000
2620	3000	1000
2621	3000	1000
2622	3000	1000
2623	3000	1000
2624	3000	1000
2625	3000	1000
2626	3000	1000
2627	3000	1000
2628	3000	1000
2629	3000	1000
2630	3000	1000
2631	3000	1000
2632	3000	1000
2633	3000	1000
2634	3000	1000
2635	3000	1000
2636	3000	1000
2637	3000	1000
2638	3000	1000
2639	3000	1000
2640	3000	1000
2641	3000	1000
2642	3000	1000
2643	3000	1000
2644	3000	1000
2645	3000	1000
2646	3000	1000
2647	3000	1000
2648	3000	1000
2649	3000	1000
2650	3000	1000
2651	3000	1000
2652	3000	1000
2653	3000	1000
2654	3000	1000
2655	3000	1000
2656	3000	1000
2657	3000	1000
2658	3000	1000
2659	3000	1000
2660	3000	1000
2661	3000	1000
2662	3000	1000
2663	3000	1000
2664	3000	1000
2665	3000	1000
2666	3000	1000
2667	3000	1000
2668	3000	1000
2669	3000	1000
2670	3000	1000
2671	3000	1000
2672	3000	1000
2673	3000	1000
2674	3000	1000
2675	3000	1000
2676	3000	1000
2677	3000	1000
2678	3000	1000
2679	3000	1000
2680	3000	1000
2681	3000	1000
2682	3000	1000
2683	3000	1000
2684	3000	1000
2685	3000	1000
2686	3000	1000
2687	3000	1000
2688	3000	1000
2689	3000	1000
2690	3000	1000
2691	3000	1000
2692	3000	1000
2693	3000	1000
2694	3000	1000
2695	3000	1000
2696	3000	1000
2697	3000	1000
2698	3000	1000
2699	3000	1000
2700	3000	1000
2701	3000	1000
2702	3000	1000
2703	3000	1000
2704	3000	1000
2705	3000	1000
2706	3000	1000
2707	3000	1000
2708	3000	1000
2709	3000	1000
2710	3000	1000
2711	3000	1000
2712	3000	1000
2713	3000	1000
2714	3000	1000
2715	3000	1000
2716	3000	1000
2717	3000	1000
2718	3000	1000
2719	3000	1000
2720	3000	1000
2721	3000	1000
2722	3000	1000
2723	3000	1000
2724	3000	1000
2725	3000	1000
2726	3000	1000
2727	3000	1000
2728	3000	1000
2729	3000	1000
2730	3000	1000
2731	3000	1000
2732	3000	1000
2733	3000	1000
2734	3000	1000
2735	3000	1000
2736	3000	1000
2737	3000	1000
2738	3000	1000
2739	3000	1000
2740	3000	1000
2741	3000	1000
2742	3000	1000
2743	3000	1000
2744	3000	1000
2745	3000	1000
2746	3000	1000
2747	3000	1000
2748	3000	1000
2749	3000	1000
2750	3000	1000
2751	3000	1000
2752	3000	1000
2753	3000	1000
2754	3000	1000
2755	3000	1000
2756	3000	1000
2757	3000	1000
2758	3000	1000
2759	3000	1000
2760	3000	1000
2761	3000	1000
2762	3000	1000
2763	3000	1000
2764	3000	1000
2765	3000	1000
2766	3000	1000
2767	3000	1000
2768	3000	1000
2769	3000	1000
2770	3000	1000
2771	3000	1000
2772	3000	1000
2773	3000	1000
2774	3000	1000
2775	3000	1000
2776	3000	1000
2777	3000	1000
2778	3000	1000
2779	3000	1000
2780	3000	1000
2781	3000	1000
2782	3000	1000
2783	3000	1000
2784	3000	1000
2785	3000	1000
2786	3000	1000
2787	3000	1000
2788	3000	1000
2789	3000	1000
2790	3000	1000
2791	3000	1000
2792	3000	1000
2793	3000	1000
2794	3000	1000
2795	3000	1000
2796	3000	1000
2797	3000	1000
2798	3000	1000
2799	3000	1000
2800	3000	1000
2801	3000	1000
2802	3000	1000
2803	3000	1000
2804	3000	1000
2805	3000	1000
2806	3000	1000
2807	3000	1000
2808	3000	1000
2809	3000	1000
2810	3000	1000
2811	3000	1000
2812	3000	1000
2813	3000	1000
2814	3000	1000
2815	3000	1000
2816	3000	1000
2817	3000	1000
2818	3000	1000
2819	3000	1000
2820	3000	1000
2821	3000	1000
2822	3000	1000
2823	3000	1000
2824	3000	1000
2825	3000	1000
2826	3000	1000
2827	3000	1000
2828	3000	1000
2829	3000	1000
2830	3000	1000
2831	3000	1000
2832	3000	1000
2833	3000	1000
2834	3000	1000
2835	3000	1000
2836	3000	1000
2837	3000	1000
2838	3000	1000
2839	3000	1000
2840	3000	1000
2841	3000	1000
2842	3000	1000
2843	3000	1000
2844	3000	1000
2845	3000	1000
2846	3000	1000
2847	3000	1000
2848	3000	1000
2849	3000	1000
2850	3000	1000
2851	3000	1000
2852	3000	1000
2853	3000	1000
2854	3000	1000
2855	3000	1000
2856	3000	1000
2857	3000	1000
2858	3000	1000
2859	3000	1000
2860	3000	1000
2861	3000	1000
2862	3000	1000
2863	3000	1000
2864	3000	1000
2865	3000	1000
2866	3000	1000
2867	3000	1000
2868	3000	1000
2869	3000	1000
2870	3000	1000
2871	3000	1000
2872	3000	1000
2873	3000	1000
2874	3000	1000
2875	3000	1000
2876	3000	1000
2877	3000	1000
2878	3000	1000
2879	3000	1000
2880	3000	1000
2881	3000	1000
2882	3000	1000
2883	3000	1000
2884	3000	1000
2885	3000	1000
2886	3000	1000
2887	3000	1000
2888	3000	1000
2889	3000	1000
2890	3000	1000
2891	3000	1000
2892	3000	1000
2893	3000	1000
2894	3000	1000
2895	3000	1000
2896	3000	1000
2897	3000	1000
2898	3000	1000
2899	3000	1000
2900	3000	1000
2901	3000	1000
2902	3000	1000
2903	3000	1000
2904	3000	1000
2905	3000	1000
2906	3000	1000
2907	3000	1000
2908	3000	1000
2909	3000	1000
2910	3000	1000
2911	3000	1000
2912	3000	1000
2913	3000	1000
2914	3000	1000
2915	3000	1000
2916	3000	1000
2917	3000	1000
2918	3000	1000
2919	3000	1000
2920	3000	1000
2921	3000	1000
2922	3000	1000
2923	3000	1000
2924	3000	1000
2925	3000	1000
2926	3000	1000
2927	3000	1000
2928	3000	1000
2929	3000	1000
2930	3000	1000
2931	3000	1000
2932	3000	1000
2933	3000	1000
2934	3000	1000
2935	3000	1000
2936	3000	1000
2937	3000	1000
2938	3000	1000
2939	3000	1000
2940	3000	1000
2941	3000	1000
2942	3000	1000
2943	3000	1000
2944	3000	1000
2945	3000	1000
2946	3000	1000
2947	3000	1000
2948	3000	1000
2949	3000	1000
2950	3000	1000
2951	3000	1000
2952	3000	1000
2953	3000	1000
2954	3000	1000
2955	3000	1000
2956	3000	1000
2957	3000	1000
2958	3000	1000
2959	3000	1000
2960	3000	1000
2961	3000	1000
2962	3000	1000
2963	3000	1000
2964	3000	1000
2965	3000	1000
2966	3000	1000
2967	3000	1000
2968	3000	1000
2969	3000	1000
2970	3000	1000
2971	3000	1000
2972	3000	1000
2973	3000	1000
2974	3000	1000
2975	3000	1000
2976	3000	1000
2977	3000	1000
2978	3000	1000
2979	3000	1000
2980	3000	1000
2981	3000	1000
2982	3000	1000
2983	3000	1000
2984	3000	1000
2985	3000	1000
2986	3000	1000
2987	3000	1000
2988	3000	1000
2989	3000	1000
2990	3000	1000
2991	3000	1000
2992	3000	1000
2993	3000	1000
2994	3000	1000
2995	3000	1000
2996	3000	1000
2997	3000	1000
2998	3000	1000
2999	3000	1000
