0.155693	0.470412	0.517214	0.161376	0.272521	0.284143
0.264528	0.507621	0.501534	0.054934	0.235369	0.290302
0.225641	0.574476	0.475602	0.261729	0.262348	0.281856
0.118830	0.477781	0.431509	0.167016	0.246909	0.209290
0.174568	0.567597	0.628227	0.248577	0.241037	0.277994
0.236494	0.608174	0.630345	0.073770	0.176312	0.250083
0.228934	0.585069	0.540906	0.222171	0.254684	0.216038
0.164868	0.576105	0.631540	0.049831	0.225244	0.256410
0.095865	0.520365	0.480394	0.171927	0.209542	0.159646
0.129406	0.507501	0.508153	0.205220	0.343739	0.193491
0.264235	0.534403	0.526438	0.081549	0.258306	0.339855
0.172750	0.530424	0.580006	0.173355	0.272993	0.242580
0.271927	0.520500	0.542916	0.173192	0.225955	0.238382
0.175311	0.543066	0.503607	0.112471	0.236567	0.257565
0.192658	0.628628	0.662166	0.042816	0.216774	0.259591
0.280621	0.528473	0.590627	0.182460	0.281471	0.224601
0.320650	0.599850	0.555108	0.199529	0.252671	0.258130
0.165338	0.469841	0.513476	0.136104	0.309210	0.280728
0.282085	0.587813	0.528839	0.109650	0.239786	0.258979
0.191293	0.628742	0.537108	0.207383	0.209670	0.267522
0.203136	0.450928	0.499925	0.114321	0.250086	0.246476
0.199494	0.494834	0.517591	0.061093	0.286527	0.318103
0.107868	0.593335	0.581332	0.141080	0.227079	0.235865
0.162242	0.614448	0.558773	0.151415	0.266371	0.289122
0.192965	0.464406	0.494300	0.114348	0.243764	0.210350
0.183997	0.481623	0.573617	0.164458	0.215663	0.255879
0.135693	0.493343	0.524190	0.101799	0.186981	0.236649
0.167522	0.520814	0.602234	0.199316	0.240091	0.259462
0.158589	0.521810	0.496067	0.256827	0.303908	0.249073
0.134003	0.570685	0.617828	0.132224	0.285038	0.257006
0.143963	0.606413	0.576532	0.226350	0.353324	0.337863
0.180121	0.553612	0.531778	0.186931	0.276437	0.167862
0.164868	0.591788	0.537228	0.149778	0.292760	0.305370
0.153195	0.533183	0.493726	0.096351	0.207401	0.241563
0.154602	0.604365	0.597524	0.090118	0.204111	0.294228
0.312662	0.538078	0.509744	0.260137	0.303136	0.228674
0.142433	0.529586	0.477366	0.244495	0.223170	0.231681
0.143324	0.576741	0.601573	0.315013	0.250494	0.246036
0.131331	0.425388	0.460888	0.119624	0.256997	0.213042
0.113879	0.500891	0.424238	0.158199	0.281054	0.251628
0.204935	0.554493	0.521663	0.235161	0.237172	0.234373
0.183102	0.536680	0.511895	0.076870	0.281369	0.309213
0.167159	0.543817	0.519363	0.239317	0.277584	0.217104
0.129589	0.619953	0.567868	0.045729	0.230499	0.276228
0.163987	0.614557	0.580297	0.127456	0.186622	0.179298
0.174791	0.457051	0.469299	0.086300	0.342262	0.356300
0.102321	0.519950	0.442488	0.113011	0.251709	0.206038
0.143580	0.581360	0.553362	0.184430	0.198788	0.251098
0.176632	0.560618	0.566337	0.176559	0.281466	0.104907
0.207803	0.552342	0.569115	0.207172	0.283404	0.302639
0.253928	0.571629	0.577593	0.209060	0.205678	0.246998
0.165569	0.521865	0.514487	0.036941	0.202213	0.239155
0.169249	0.490812	0.552857	0.277426	0.274711	0.273283
0.332542	0.508636	0.532789	0.184731	0.247682	0.310787
0.318934	0.481082	0.601544	0.226708	0.222604	0.319659
0.180081	0.550520	0.568722	0.188533	0.236564	0.296558
0.264348	0.601144	0.573574	0.054215	0.281635	0.227420
0.220237	0.598198	0.542911	0.067280	0.216610	0.283889
0.170179	0.526917	0.526226	0.137487	0.242860	0.290747
0.159170	0.477755	0.466870	0.118532	0.237072	0.304532
0.312816	0.546162	0.561847	0.022300	0.259934	0.282235
0.102158	0.478785	0.520145	0.188805	0.251627	0.258850
0.318831	0.606800	0.699449	0.130421	0.272653	0.243690
0.143661	0.528530	0.529774	0.067500	0.273815	0.298360
0.310975	0.587912	0.604332	0.121490	0.224610	0.235773
0.167728	0.524638	0.569113	0.146394	0.270628	0.249235
0.220595	0.629790	0.591286	0.064670	0.260649	0.226723
0.138410	0.600185	0.589299	0.146525	0.336505	0.301934
0.198328	0.634465	0.596727	0.242452	0.293852	0.276318
0.171584	0.537201	0.481766	0.153119	0.252552	0.298968
0.289909	0.513112	0.555963	0.230297	0.213483	0.293562
0.140768	0.497494	0.482714	0.153269	0.293015	0.238231
0.168056	0.552439	0.581085	0.158796	0.322459	0.263353
0.129984	0.502062	0.537946	0.075408	0.226904	0.285325
0.344412	0.511938	0.425095	0.105973	0.247808	0.141836
0.151944	0.552573	0.555493	0.154527	0.215620	0.278338
0.101548	0.539331	0.556339	0.222232	0.228709	0.197529
0.112880	0.652230	0.595200	0.033443	0.156007	0.189450
0.177881	0.534875	0.554048	0.055123	0.345843	0.290720
0.315815	0.480559	0.478286	0.300276	0.247010	0.263508
0.150219	0.535313	0.503952	0.216287	0.245319	0.231862
0.130107	0.632767	0.598378	0.055524	0.249854	0.231797
0.134191	0.554174	0.540388	0.144037	0.292820	0.148783
0.323903	0.401475	0.470782	0.266371	0.233538	0.306953
0.291850	0.535927	0.502231	0.266633	0.192023	0.323270
0.291602	0.526067	0.522796	0.189691	0.261537	0.214116
0.155261	0.511324	0.541347	0.038089	0.248975	0.210886
0.205691	0.671421	0.792308	0.194367	0.223679	0.262319
0.275050	0.587651	0.629992	0.062138	0.211359	0.250722
0.207608	0.609671	0.510507	0.097802	0.266314	0.263126
0.155697	0.699169	0.682411	0.145499	0.314269	0.239505
0.173432	0.612155	0.634817	0.079555	0.304518	0.278298
0.106006	0.519730	0.544337	0.096177	0.270302	0.263591
0.304384	0.536487	0.509779	0.051126	0.229258	0.270263
0.277481	0.490465	0.438450	0.047705	0.230459	0.278164
0.299266	0.547649	0.500696	0.153991	0.299406	0.234733
0.266423	0.665688	0.550853	0.230507	0.238112	0.271040
0.185505	0.550159	0.482273	0.055974	0.337435	0.281461
0.272791	0.583192	0.561148	0.187880	0.291600	0.279812
0.150797	0.510854	0.490515	0.235270	0.249241	0.230317
0.159546	0.496200	0.506506	0.088503	0.339082	0.250579	0	1	1	1
0.142344	0.598320	0.615099	0.285732	0.274567	0.223979	0	1	1	0
0.246603	0.606086	0.604889	0.084663	0.296372	0.248462	0	1	1	0
0.241191	0.498431	0.552935	0.160591	0.240710	0.263869	0	1	0	1
0.277665	0.544666	0.473500	0.161966	0.291803	0.261059	1	0	1	0
0.177714	0.629322	0.725040	0.241489	0.220429	0.238129	1	0	0	1
0.123939	0.500035	0.515717	0.132516	0.265636	0.235940	1	0	1	0
0.207727	0.485326	0.545290	0.140316	0.292188	0.276831	0	1	1	0
0.170794	0.603305	0.620626	0.311686	0.273501	0.268240	1	0	0	1
0.173040	0.514660	0.490811	0.113786	0.308203	0.314215	1	0	1	0
['./dst.py']	0.155919	1.029091	0.926246	0.147648	0.511205	0.427526	1	0	1	0
['./dst.py', '1']	0.155919	1.029091	0.926246	0.147648	0.511205	0.427526	1	0	1	0
['./dst.py']	0.155919	1.029091	0.926246	0.147648	0.511205	0.427526	1	0	1	0
1	0.155919	1.029091	0.926246	0.147648	0.511205	0.427526	1	0	1	0
1	0.155919	1.029091	0.926246	0.147648	0.511205	0.427526	1	0	1	0
2	0.155919	1.029091	0.926246	0.147648	0.511205	0.427526	1	0	1	0
3	0.155919	1.029091	0.926246	0.147648	0.511205	0.427526	1	0	1	0
4	0.155919	1.029091	0.926246	0.147648	0.511205	0.427526	1	0	1	0
5	0.155919	1.029091	0.926246	0.147648	0.511205	0.427526	1	0	1	0
6	0.155919	1.029091	0.926246	0.147648	0.511205	0.427526	1	0	1	0
7	0.155919	1.029091	0.926246	0.147648	0.511205	0.427526	1	0	1	0
8	0.155919	1.029091	0.926246	0.147648	0.511205	0.427526	1	0	1	0
9	0.155919	1.029091	0.926246	0.147648	0.511205	0.427526	1	0	1	0
1	0.353836	0.962259	0.894151	0.147648	0.511205	0.427526	1	0	1	0
2	0.160392	0.902928	1.063320	0.147648	0.511205	0.427526	1	1	1	0
3	1.176354	1.030078	1.062169	0.147648	0.511205	0.427526	1	0	1	0
4	0.330877	1.041400	1.102479	0.147648	0.511205	0.427526	0	1	1	0
5	0.135473	0.939575	0.883963	0.147648	0.511205	0.427526	1	0	1	0
6	0.236357	1.143993	1.063052	0.147648	0.511205	0.427526	1	0	1	0
7	0.284352	0.928110	0.984162	0.147648	0.511205	0.427526	1	0	1	0
8	0.231295	0.860880	0.858730	0.147648	0.511205	0.427526	0	1	1	0
1	0.300833	0.504261	0.349685	0.147648	0.511205	0.427526	1	1	1	0
2	0.106228	0.471678	0.365450	0.147648	0.511205	0.427526	1	1	1	0
3	0.197597	0.966844	0.900140	0.074761	0.536676	0.461915	1	0	1	1
