0.247994	0.561218	0.547584	0.101997	0.413897	0.415418
0.115655	0.534054	0.591085	0.093629	0.309042	0.402671
0.115655	0.534054	0.591085	0.093629	0.309042	0.402671
0.318781	0.602725	0.497445	0.081871	0.343213	0.281412
0.318781	0.602725	0.497445	0.081871	0.343213	0.281412
0.318781	0.602725	0.497445	0.081871	0.343213	0.281412
0.318781	0.602725	0.497445	0.081871	0.343213	0.281412
0.204413	0.468811	0.542582	0.214953	0.393704	0.326752
0.204413	0.468811	0.542582	0.214953	0.393704	0.326752
0.143164	0.495809	0.496795	0.139704	0.394637	0.317562
0.113335	0.473553	0.440253	0.141644	0.447221	0.412178
0.113335	0.473553	0.440253	0.141644	0.447221	0.412178
0.202734	0.472134	0.489821	0.131121	0.406709	0.357745
0.154791	0.507200	0.563974	0.255972	0.482076	0.493008
0.226003	0.561666	0.550516	0.191327	0.390609	0.320029
0.170168	0.491168	0.461231	0.258509	0.496369	0.311766
0.099178	0.520406	0.492118	0.062691	0.314194	0.251502
0.099178	0.520406	0.492118	0.062691	0.314194	0.251502
0.099178	0.520406	0.492118	0.062691	0.314194	0.251502
0.099178	0.520406	0.492118	0.062691	0.314194	0.251502
