0.161566	0.652500	0.591286	0.080050	0.246869	0.166819	1	0	1	1
0.159426	0.598340	0.606804	0.050214	0.286412	0.236198	1	0	1	0
0.093777	0.553536	0.459759	0.056365	0.269113	0.236273	1	0	1	0
0.186743	0.552307	0.597519	0.148139	0.249470	0.241458	0	1	0	1
0.110648	0.443239	0.469855	0.080134	0.265954	0.302607	0	1	0	1
0.135218	0.543347	0.557011	0.144403	0.231909	0.252498	1	0	0	1
0.136157	0.608462	0.574197	0.223888	0.253410	0.255851	1	0	0	1
0.212382	0.499235	0.613760	0.086497	0.168192	0.254689	0	1	0	1
0.326817	0.495432	0.533477	0.136128	0.242060	0.262590	1	0	0	1
0.321161	0.510475	0.552702	0.128648	0.243232	0.275927	0	1	0	1
0.149626	0.520093	0.548157	0.186796	0.272759	0.217449	0	1	1	0
0.162127	0.572568	0.541342	0.100395	0.221735	0.245980	1	0	0	1
0.138443	0.527634	0.530657	0.128033	0.267697	0.245316	0	1	1	0
0.193197	0.560614	0.507650	0.073567	0.237992	0.278375	1	0	0	1
0.153085	0.528156	0.591421	0.042761	0.287011	0.244250	0	1	1	1
0.172190	0.461124	0.505824	0.249304	0.307447	0.264899	0	1	1	0
0.158819	0.480470	0.533456	0.204204	0.320625	0.235244	1	0	1	0
0.170003	0.583710	0.491895	0.261896	0.242681	0.205177	1	0	1	0
0.135253	0.676041	0.673429	0.269600	0.244250	0.285397	1	0	1	0
0.173685	0.616588	0.589816	0.157545	0.257897	0.331099	0	1	0	1
0.101184	0.623246	0.522063	0.281329	0.217897	0.250996	1	0	0	1
0.115901	0.644545	0.564541	0.212682	0.161117	0.269893	1	0	1	1
0.107231	0.477863	0.494804	0.121711	0.230821	0.287898	0	1	0	1
0.146051	0.557130	0.572291	0.080360	0.339032	0.294428	1	0	1	0
0.153662	0.432834	0.477487	0.105936	0.234306	0.261591	0	1	0	1
0.095385	0.573842	0.528504	0.186309	0.244266	0.235930	1	0	1	0
0.278735	0.544219	0.573426	0.081317	0.231461	0.277875	1	0	0	1
0.107799	0.538031	0.527111	0.154986	0.252245	0.264598	0	1	0	1
0.211056	0.588901	0.600609	0.121254	0.188288	0.261664	1	0	1	1
0.096405	0.529711	0.490479	0.244734	0.201951	0.229712	1	0	0	1
0.130696	0.573277	0.532370	0.171954	0.245600	0.246459	1	0	1	0
0.186506	0.546216	0.557430	0.189323	0.260393	0.299431	1	0	0	1
0.110069	0.602354	0.549786	0.130250	0.224168	0.255334	1	0	0	1
0.113250	0.566644	0.552771	0.254438	0.224372	0.343829	1	0	1	1
0.325124	0.493031	0.507431	0.042765	0.212879	0.255643	0	1	1	1
0.317123	0.462074	0.499207	0.142417	0.289276	0.266166	0	1	1	0
0.170909	0.552427	0.540122	0.158695	0.197116	0.232891	1	0	1	1
0.093878	0.560345	0.586997	0.123651	0.268183	0.243068	0	1	1	0
0.200708	0.531806	0.506539	0.168870	0.176158	0.264837	1	0	1	1
0.182742	0.436469	0.525649	0.274920	0.188994	0.256972	0	1	0	1
0.217386	0.569499	0.549288	0.286032	0.256288	0.233878	1	0	0	1
0.101469	0.526240	0.553676	0.168022	0.301345	0.286273	0	1	1	0
0.127279	0.554623	0.573462	0.046046	0.173091	0.219137	1	0	1	1
0.177905	0.523029	0.549344	0.233359	0.291105	0.276162	1	0	1	0
0.181362	0.516173	0.513089	0.189359	0.234869	0.209476	1	0	1	0
0.157282	0.508120	0.462741	0.107296	0.232159	0.275986	1	0	0	1
0.309539	0.512441	0.588001	0.209630	0.284884	0.271083	0	1	1	0
0.194615	0.582564	0.608992	0.285025	0.242619	0.234242	0	1	1	0
0.125565	0.599957	0.594419	0.055994	0.241387	0.273603	0	1	0	1
0.100776	0.504759	0.527160	0.103058	0.306548	0.288462	0	1	1	0
0.166898	0.659547	0.660538	0.088046	0.246235	0.227841	1	0	1	0
0.233108	0.487133	0.436788	0.265318	0.238304	0.252479	1	0	0	1
0.177095	0.460304	0.476593	0.259207	0.271043	0.231740	0	1	1	0
0.146848	0.478916	0.518447	0.198386	0.280333	0.235106	0	1	1	0
0.233507	0.464041	0.495750	0.043835	0.232341	0.188507	1	0	1	1
0.282200	0.623833	0.556883	0.068432	0.194749	0.245964	1	0	0	1
0.142315	0.597690	0.565786	0.135281	0.261984	0.294588	1	0	0	1
0.164329	0.561929	0.478717	0.082560	0.264971	0.283884	1	0	0	1
0.270724	0.545379	0.569337	0.304450	0.255058	0.249476	0	1	0	1
0.275273	0.580636	0.621882	0.152650	0.245571	0.263064	1	0	0	1
0.125128	0.516801	0.515417	0.038502	0.279313	0.240811	0	1	1	1
0.135968	0.528074	0.664042	0.092420	0.242289	0.270498	0	1	0	1
0.113475	0.715125	0.601650	0.192735	0.300689	0.256141	1	0	1	0
0.193843	0.496267	0.493027	0.057285	0.208194	0.155366	0	1	1	0
0.138170	0.564373	0.629169	0.170876	0.311034	0.236215	0	1	1	0
0.347923	0.520284	0.515887	0.045958	0.248891	0.202934	1	0	1	1
0.178510	0.464334	0.479370	0.081903	0.250877	0.269211	0	1	0	1
0.261740	0.468234	0.448724	0.098148	0.238484	0.259004	1	0	1	0
0.135636	0.468597	0.448973	0.135894	0.221546	0.268327	1	0	0	1
0.227397	0.605848	0.588762	0.226108	0.227995	0.267857	1	0	0	1
0.186372	0.612122	0.613733	0.050119	0.277970	0.227851	1	0	1	1
0.244132	0.533592	0.619875	0.110643	0.336360	0.276517	0	1	1	0
0.121187	0.580571	0.615316	0.195633	0.226708	0.242668	0	1	1	0
0.271690	0.536078	0.590416	0.104061	0.261930	0.265305	1	0	1	0
0.200636	0.477749	0.503922	0.115184	0.347180	0.277007	0	1	1	0
0.138037	0.503751	0.538954	0.104842	0.239456	0.224910	0	1	1	0
0.132587	0.570049	0.518576	0.166997	0.281369	0.211926	1	0	1	0
0.355172	0.650174	0.586752	0.161297	0.266338	0.296785	1	0	0	1
0.177697	0.494882	0.541366	0.148876	0.247806	0.230835	0	1	1	0
0.185637	0.529484	0.489412	0.057255	0.266086	0.254520	1	0	0	1
0.085463	0.569774	0.555733	0.320483	0.200524	0.239746	1	0	0	1
0.145921	0.518473	0.549363	0.121089	0.286933	0.220662	0	1	1	0
0.139962	0.511398	0.495463	0.076827	0.244753	0.277994	1	0	0	1
0.232528	0.546439	0.490652	0.275944	0.214257	0.249800	1	0	0	1
0.328592	0.501700	0.550782	0.099131	0.236538	0.274515	0	1	0	1
0.132404	0.531926	0.525236	0.054814	0.196376	0.251190	0	1	0	1
0.177765	0.456674	0.539050	0.185734	0.269208	0.275078	0	1	1	0
0.172841	0.578726	0.562026	0.107124	0.311853	0.253987	1	0	1	0
0.126118	0.474521	0.466111	0.321925	0.250346	0.284883	1	0	0	1
0.102508	0.478765	0.483083	0.169435	0.215498	0.255961	1	0	0	1
0.260277	0.540001	0.503579	0.096713	0.166546	0.247255	1	0	1	1
0.381684	0.603110	0.564151	0.316608	0.251707	0.295554	1	0	0	1
0.231022	0.635329	0.517656	0.192412	0.248245	0.206243	1	0	1	0
0.180824	0.538125	0.555227	0.271625	0.295089	0.218307	0	1	1	1
0.110333	0.527738	0.566313	0.177174	0.223910	0.251986	0	1	0	1
0.195396	0.577642	0.605413	0.097687	0.252454	0.279628	0	1	0	1
0.412566	0.536233	0.538051	0.202149	0.209428	0.291813	0	1	1	1
0.121520	0.470953	0.518500	0.148175	0.296634	0.219811	0	1	1	0
0.141901	0.455645	0.430627	0.276286	0.253501	0.266817	1	0	0	1
0.168275	0.528483	0.519372	0.140881	0.210302	0.251932	1	0	0	1
0.279443	0.502081	0.478421	0.163084	0.259757	0.265570	1	0	1	0
0.144840	0.561704	0.572507	0.117640	0.198648	0.242549	0	1	0	1
0.152096	0.493176	0.499331	0.338773	0.314665	0.283932	0	1	1	0
0.140384	0.559606	0.568712	0.136114	0.278897	0.277626	0	1	1	0
0.196117	0.572811	0.595463	0.056287	0.259803	0.295877	1	0	0	1
0.113665	0.515058	0.533202	0.090572	0.276606	0.257985	0	1	1	0
0.136297	0.610562	0.567514	0.043523	0.270252	0.313775	1	0	0	1
0.230720	0.525581	0.518266	0.139996	0.244779	0.266355	1	0	0	1
0.142954	0.571231	0.539915	0.042936	0.230029	0.249705	0	1	0	1
0.305451	0.450539	0.508458	0.075309	0.193373	0.247760	0	1	1	1
0.305451	0.450539	0.508458	0.075309	0.193373	0.247760	0	1	1	1
0.305451	0.450539	0.508458	0.075309	0.193373	0.247760	0	1	1	1
0.264363	0.496661	0.519195	0.052651	0.201563	0.254213	0	1	0	1
0.233417	0.565062	0.536557	0.272668	0.257260	0.249289	1	0	1	0
0.189634	0.479365	0.519974	0.206678	0.266653	0.210534	0	1	1	0
0.464264	0.529370	0.486846	0.211001	0.215616	0.243379	1	0	0	1
0.143057	0.632045	0.580514	0.320059	0.280874	0.286824	1	0	1	0
0.248031	0.638586	0.669207	0.111870	0.321720	0.308909	1	0	1	0
0.340165	0.517724	0.429866	0.215884	0.217753	0.222382	1	0	0	1
0.164048	0.557999	0.553833	0.041792	0.258219	0.216427	1	0	1	1
0.300004	0.540940	0.582765	0.269116	0.270369	0.290145	0	1	0	1
0.139886	0.548288	0.563337	0.065728	0.206485	0.255988	1	0	0	1
0.177210	0.518857	0.522370	0.068886	0.189578	0.258464	1	0	1	1
0.114569	0.524666	0.434616	0.201662	0.288360	0.215338	1	0	1	0
0.496258	0.470215	0.479905	0.240305	0.228389	0.277741	1	0	0	1
0.430738	0.474759	0.544903	0.211375	0.262304	0.245782	0	1	1	0
0.171867	0.548975	0.561970	0.235390	0.261737	0.271609	0	1	0	1
0.415084	0.491181	0.474106	0.309438	0.291480	0.279662	1	0	1	0
0.243646	0.562591	0.600165	0.281890	0.248827	0.241286	0	1	0	1
0.176722	0.510539	0.487592	0.053826	0.230353	0.205262	1	0	1	0
0.176600	0.662325	0.581563	0.202914	0.294402	0.288450	1	0	1	0
0.142714	0.573674	0.563573	0.310317	0.269579	0.237817	1	0	1	0
0.363761	0.512225	0.501565	0.140329	0.344373	0.204044	1	0	1	0
0.279004	0.522193	0.537820	0.031549	0.193509	0.225057	0	1	1	1
0.359542	0.535906	0.516302	0.048184	0.201405	0.249590	1	0	1	1
0.261047	0.576512	0.609946	0.089889	0.323358	0.293266	1	0	1	0
0.252093	0.539948	0.584643	0.050512	0.263170	0.222731	0	1	1	0
0.252060	0.498219	0.506494	0.249492	0.241055	0.228860	0	1	1	0
0.206906	0.540443	0.490822	0.145559	0.248819	0.312587	1	0	0	1
0.164607	0.568590	0.591312	0.328973	0.268994	0.269505	0	1	1	0
0.119154	0.531178	0.595510	0.171576	0.315044	0.274031	0	1	1	0
0.197483	0.516990	0.591443	0.174530	0.195559	0.244345	0	1	1	1
0.209939	0.623989	0.626344	0.165656	0.278382	0.244159	1	0	1	0
0.151941	0.468030	0.432454	0.195759	0.267020	0.226797	1	0	1	0
0.203416	0.483581	0.454776	0.040958	0.239398	0.280357	0	1	1	1
0.183432	0.497517	0.450071	0.114970	0.222390	0.242139	1	0	0	1
0.145648	0.508044	0.444945	0.214578	0.223508	0.217607	1	0	0	1
0.347042	0.430840	0.511910	0.129277	0.291533	0.162256	0	1	1	1
0.357902	0.577481	0.466575	0.129145	0.252312	0.265375	1	0	0	1
0.391707	0.532970	0.474690	0.138745	0.238615	0.319263	1	0	0	1
0.197585	0.530065	0.596503	0.065417	0.188155	0.253572	0	1	1	1
0.180143	0.511592	0.554574	0.245087	0.174949	0.237027	0	1	0	1
0.164398	0.529315	0.461128	0.172974	0.203300	0.235566	1	0	0	1
0.175746	0.487171	0.476936	0.092058	0.256163	0.290174	0	1	0	1
0.132932	0.697210	0.564278	0.288973	0.285843	0.238230	1	0	1	0
0.355038	0.552191	0.587401	0.161318	0.228733	0.263438	1	0	0	1
0.181113	0.581841	0.594224	0.162639	0.222158	0.252232	0	1	0	1
0.166019	0.448914	0.482447	0.060485	0.263867	0.221284	1	0	1	0
0.253603	0.513634	0.556138	0.344701	0.343636	0.318010	1	0	1	0
0.294825	0.510350	0.468616	0.247918	0.217149	0.263662	1	0	0	1
0.250538	0.543048	0.531840	0.123774	0.177014	0.264050	0	1	1	1
0.273285	0.632499	0.546855	0.129197	0.189285	0.263809	0	1	1	1
0.148889	0.462236	0.498236	0.255240	0.241390	0.218620	0	1	1	1
0.249780	0.621350	0.569971	0.187352	0.304706	0.304639	1	0	0	1
0.292464	0.482074	0.526211	0.302796	0.279270	0.235119	0	1	0	1
0.141431	0.619372	0.614294	0.046910	0.223203	0.270113	1	0	0	1
0.162550	0.609176	0.571010	0.092324	0.186188	0.278512	0	1	1	1
0.282717	0.465686	0.511507	0.219801	0.261202	0.200420	0	1	1	0
0.202159	0.616222	0.581804	0.090178	0.245379	0.269766	1	0	0	1
0.430773	0.573731	0.476368	0.230676	0.320772	0.257082	1	0	1	0
0.141754	0.475083	0.501671	0.190930	0.207608	0.280246	0	1	1	1
0.278739	0.560287	0.454634	0.079241	0.235850	0.218062	1	0	1	0
0.124134	0.479073	0.543467	0.266036	0.275517	0.172356	1	0	1	1
0.146348	0.477003	0.498515	0.152376	0.310770	0.252083	0	1	1	0
0.420060	0.559434	0.527914	0.166683	0.200867	0.268507	0	1	0	1
0.245277	0.507182	0.496847	0.181099	0.238328	0.275219	1	0	0	1
0.227323	0.481396	0.567667	0.060213	0.208252	0.236345	1	0	0	1
0.198995	0.545507	0.506252	0.055640	0.218590	0.274230	1	0	1	1
0.182789	0.474128	0.447293	0.238193	0.326027	0.286237	1	0	1	0
0.353885	0.490173	0.580554	0.267088	0.230732	0.283151	0	1	0	1
0.155231	0.570388	0.520205	0.149244	0.267909	0.273361	1	0	0	1
0.238365	0.544361	0.558824	0.159657	0.291760	0.216343	0	1	1	0
0.206739	0.495618	0.530168	0.115778	0.235961	0.120183	1	0	0	1
0.274819	0.517010	0.533791	0.164978	0.312666	0.305067	1	0	0	1
0.115514	0.526289	0.546855	0.267638	0.260912	0.250294	1	0	1	0
0.304771	0.571275	0.543176	0.254658	0.277111	0.260459	0	1	1	0
0.168027	0.538463	0.526707	0.159069	0.265870	0.162329	1	0	1	1
0.330270	0.559577	0.474019	0.174757	0.235720	0.211081	1	0	1	0
0.290700	0.524376	0.591822	0.061024	0.306853	0.303021	0	1	1	0
0.134306	0.594305	0.487840	0.187776	0.307473	0.283187	1	0	1	0
0.169835	0.537332	0.548697	0.228005	0.232323	0.284161	1	0	0	1
0.351530	0.649741	0.520622	0.235492	0.336697	0.267492	1	0	1	0
0.138241	0.499736	0.487773	0.109365	0.306932	0.259460	0	1	1	0
0.241092	0.535581	0.528699	0.097854	0.180088	0.277942	1	0	1	1
0.144327	0.599269	0.566139	0.127178	0.258896	0.245166	0	1	1	0
0.345011	0.491547	0.508415	0.200330	0.288509	0.277236	0	1	0	1
0.194502	0.498737	0.477993	0.087651	0.212398	0.300050	1	0	1	1
0.333338	0.491668	0.548389	0.157584	0.208288	0.285644	0	1	0	1
0.425014	0.443735	0.499086	0.168372	0.242577	0.239116	1	0	1	0
0.206521	0.523381	0.531238	0.196558	0.247069	0.217784	1	0	1	0
0.254272	0.495579	0.459494	0.292119	0.255244	0.245883	1	0	0	1
0.360375	0.512729	0.569013	0.119400	0.198834	0.234471	0	1	1	1
0.167612	0.546374	0.521890	0.141952	0.276475	0.235025	1	0	1	0
0.184513	0.482056	0.498792	0.184054	0.285480	0.213786	0	1	1	0
0.113201	0.651121	0.572657	0.288446	0.261812	0.266916	1	0	1	0
0.175551	0.549229	0.546001	0.123322	0.155277	0.278600	1	0	0	1
0.111457	0.511026	0.586101	0.234471	0.280559	0.209952	0	1	1	1
0.185234	0.683689	0.621219	0.190054	0.180570	0.279560	1	0	1	1
0.343019	0.518155	0.506762	0.080631	0.293292	0.259672	1	0	1	0
0.208707	0.532943	0.552387	0.218165	0.223421	0.238826	0	1	0	1
0.161162	0.580872	0.591598	0.099024	0.244876	0.145852	1	0	1	1
0.221314	0.580028	0.514877	0.269458	0.268064	0.293425	1	0	1	0
0.221314	0.580028	0.514877	0.269458	0.268064	0.293425	1	0	1	0
0.221314	0.580028	0.514877	0.269458	0.268064	0.293425	1	0	1	0
0.221314	0.580028	0.514877	0.269458	0.268064	0.293425	1	0	1	0
0.221314	0.580028	0.514877	0.269458	0.268064	0.293425	1	0	1	0
0.221314	0.580028	0.514877	0.269458	0.268064	0.293425	1	0	1	0
0.221314	0.580028	0.514877	0.269458	0.268064	0.293425	1	0	1	0
0.221314	0.580028	0.514877	0.269458	0.268064	0.293425	1	0	1	0
0.221314	0.580028	0.514877	0.269458	0.268064	0.293425	1	0	1	0
0.221314	0.580028	0.514877	0.269458	0.268064	0.293425	1	0	1	0
0.221314	0.580028	0.514877	0.269458	0.268064	0.293425	1	0	1	0
0.221314	0.580028	0.514877	0.269458	0.268064	0.293425	1	0	1	0
0.221314	0.580028	0.514877	0.269458	0.268064	0.293425	1	0	1	0
2	0.221314	0.580028	0.514877	0.269458	0.268064	0.293425	1	0	1	0
1	0.131293	0.562331	0.573629	0.172731	0.279437	0.246246	0	1	0	1
2	0.136293	0.443767	0.515073	0.262954	0.271224	0.243069	0	1	1	0
3	0.144686	0.514283	0.519515	0.146470	0.199789	0.239243	0	1	0	1
4	0.418237	0.472811	0.504891	0.147707	0.298887	0.151180	1	0	1	1
5	0.140323	0.523551	0.514359	0.092813	0.221130	0.260769	1	0	0	1
6	0.296845	0.577247	0.580741	0.053709	0.235003	0.267226	1	0	0	1
7	0.163450	0.537601	0.546072	0.134955	0.247150	0.219152	1	0	1	0
8	0.410565	0.528215	0.489273	0.316048	0.253186	0.274736	1	0	1	0
9	0.465801	0.460285	0.530070	0.190976	0.263781	0.249237	0	1	1	0
10	0.146935	0.580641	0.546414	0.080671	0.259303	0.295057	1	0	0	1
1	0.015152	0.623090	0.607938	0.007542	0.337422	0.329880	1	1	1	1
0.221314	0.580028	0.514877	0.269458	0.268064	0.293425	1	0	1	0
2	0.002504	0.489518	0.492022	0.007521	0.226312	0.233832	1	1	1	1
3	0.000000	0.514988	0.514988	0.000000	0.249408	0.249408	1	1	1	1
4	0.002505	0.513246	0.510741	0.055245	0.234858	0.179613	1	1	1	1
5	0.000000	0.508089	0.508089	0.043720	0.220407	0.264128	1	1	1	1
6	0.007539	0.637199	0.629660	0.033901	0.268623	0.234722	1	1	1	1
7	0.017759	0.529474	0.511715	0.000000	0.299550	0.299550	1	1	1	1
2	0.017759	0.529474	0.511715	0.000000	0.299550	0.299550	1	1	1	1
1	0.000000	0.529270	0.529269	0.056845	0.232047	0.175202	1	1	1	1
2	0.007590	0.578461	0.570871	0.007553	0.279507	0.271954	1	1	1	1
1	0.111572	6.552320	6.663892	0.000000	0.242395	0.242395	1	1	1	1
1	0.444704	0.923538	1.061578	0.000000	0.240893	0.240893	1	1	1	1
2	0.030094	1.072080	1.041987	0.002504	0.326679	0.324175	1	1	1	1
1	1.132344	0.951601	0.906513	0.211262	0.148376	0.247304	1	0	0	1
2	0.992706	0.930355	0.900375	0.217477	0.302182	0.154608	0	1	1	0
3	1.104840	1.089877	0.975350	0.192729	0.250201	0.148085	1	0	1	0
4	1.025710	0.796207	0.952158	0.251262	0.203610	0.328709	0	1	0	1
5	0.911514	1.025396	0.946708	0.243776	0.177997	0.267949	1	0	0	1
6	1.040732	0.974611	0.979791	0.247353	0.170436	0.278246	1	0	0	1
7	0.984015	0.934884	0.893025	0.206324	0.136162	0.246029	1	0	0	1
8	1.151237	1.059487	0.849407	0.191683	0.190483	0.278567	1	0	0	1
9	0.973568	0.871517	0.810326	0.210883	0.186712	0.233350	1	0	0	1
10	0.874187	0.699880	0.840651	0.205740	0.163105	0.250396	0	1	0	1
1	0.926022	0.902773	1.072043	0.428642	0.400306	0.483333	0	1	0	1
2	0.792962	1.028749	0.776556	0.373380	0.454682	0.260443	1	0	1	0
3	1.011591	1.081886	0.874348	0.432684	0.306028	0.483144	1	0	0	1
4	0.833956	1.027313	0.677208	0.225113	0.287289	0.512402	1	0	1	1
5	0.919213	0.947172	0.933494	0.394206	0.384166	0.489472	1	0	0	1
6	0.938097	1.048629	0.803561	0.374285	0.521344	0.307661	1	0	1	0
1	1.138888	1.066526	0.849794	0.432901	0.534934	0.336726	1	0	1	0
2	1.014755	0.980386	0.977697	0.342314	0.513095	0.281804	0	1	1	0
3	1.277547	1.045090	0.908403	0.287966	0.478116	0.211836	1	0	1	0
4	0.882226	0.888346	1.045568	0.338434	0.488670	0.265972	0	1	1	0
5	0.976577	1.103704	0.862793	0.427611	0.516284	0.290713	1	0	1	0
6	0.976577	1.103704	0.862793	0.427611	0.516284	0.290713	1	0	1	0
7	0.976577	1.103704	0.862793	0.427611	0.516284	0.290713	1	0	1	0
1	0.976577	1.103704	0.862793	0.427611	0.516284	0.290713	1	0	1	0
8	0.976577	1.103704	0.862793	0.427611	0.516284	0.290713	1	0	1	0
2	0.976577	1.103704	0.862793	0.427611	0.516284	0.290713	1	0	1	0
3	0.976577	1.103704	0.862793	0.427611	0.516284	0.290713	1	0	1	0
4	0.976577	1.103704	0.862793	0.427611	0.516284	0.290713	1	0	1	0
5	0.976577	1.103704	0.862793	0.427611	0.516284	0.290713	1	0	1	0
1	1.027631	1.009674	0.982092	0.412113	0.377593	0.470332	1	0	0	1
2	0.904248	1.063031	0.997051	0.263834	0.476318	0.212483	1	0	1	0
1	1.074642	0.898799	0.826990	0.329171	0.525216	0.221558	1	0	1	0
2	1.158319	1.032009	1.077868	0.356723	0.294483	0.463203	1	0	0	1
1	1.315040	1.150592	1.060108	0.507949	0.484875	0.438744	1	0	1	0
2	1.315040	1.150592	1.060108	0.507949	0.484875	0.438744	1	0	1	0
1	0.002504	1.048379	1.045876	0.000000	0.505949	0.505949	1	1	1	1
1	0.011452	1.050053	1.038600	0.019208	0.482670	0.501878	1	1	1	1
2	0.000000	1.020083	1.020083	0.000000	0.623336	0.623336	1	1	1	1
3	0.000000	0.850138	0.850138	0.000000	0.534518	0.534518	1	1	1	1
4	0.009506	0.902259	0.892753	0.010062	0.430193	0.420131	1	1	1	1
1	0.000000	0.893240	0.893240	0.000000	0.513140	0.513140	1	1	1	1
2	0.000000	0.893240	0.893240	0.000000	0.513140	0.513140	1	1	1	1
3	0.000000	0.893240	0.893240	0.000000	0.513140	0.513140	1	1	1	1
4	0.000000	0.893240	0.893240	0.000000	0.513140	0.513140	1	1	1	1
5	0.000000	0.893240	0.893240	0.000000	0.513140	0.513140	1	1	1	1
6	0.000000	0.893240	0.893240	0.000000	0.513140	0.513140	1	1	1	1
7	0.000000	0.893240	0.893240	0.000000	0.513140	0.513140	1	1	1	1
1	0.000000	0.893240	0.893240	0.000000	0.513140	0.513140	1	1	1	1
2	0.000000	0.893240	0.893240	0.000000	0.513140	0.513140	1	1	1	1
1	0.000000	0.893240	0.893240	0.000000	0.513140	0.513140	1	1	1	1
2	0.000000	0.893240	0.893240	0.000000	0.513140	0.513140	1	1	1	1
3	0.000000	0.893240	0.893240	0.000000	0.513140	0.513140	1	1	1	1
4	0.000000	0.893240	0.893240	0.000000	0.513140	0.513140	1	1	1	1
1	0.000000	0.893240	0.893240	0.000000	0.513140	0.513140	1	1	1	1
2	0.000000	0.893240	0.893240	0.000000	0.513140	0.513140	1	1	1	1
3	0.000000	0.893240	0.893240	0.000000	0.513140	0.513140	1	1	1	1
4	0.000000	0.893240	0.893240	0.000000	0.513140	0.513140	1	1	1	1
5	0.000000	0.893240	0.893240	0.000000	0.513140	0.513140	1	1	1	1
6	0.000000	0.893240	0.893240	0.000000	0.513140	0.513140	1	1	1	1
7	0.000000	0.893240	0.893240	0.000000	0.513140	0.513140	1	1	1	1
8	0.000000	0.893240	0.893240	0.000000	0.513140	0.513140	1	1	1	1
9	0.000000	0.893240	0.893240	0.000000	0.513140	0.513140	1	1	1	1
10	0.000000	0.893240	0.893240	0.000000	0.513140	0.513140	1	1	1	1
1	0.000000	1.186473	1.186473	0.000000	0.451729	0.451729	1	1	1	1
2	0.000000	0.987071	0.987071	0.012880	0.403649	0.390769	1	1	1	1
3	0.000000	0.986387	0.986387	0.000000	0.478787	0.478787	1	1	1	1
4	0.000000	1.027900	1.027900	0.017018	0.424108	0.407090	1	1	1	1
5	0.000000	1.342945	1.342945	0.000000	0.491460	0.491460	1	1	1	1
6	0.002504	0.888402	0.885898	0.000000	0.518709	0.518709	1	1	1	1
7	0.000000	1.135928	1.135928	0.000000	0.451144	0.451144	1	1	1	1
8	0.000000	1.120845	1.120845	0.091678	0.361424	0.453102	1	1	1	1
9	0.231936	1.105164	0.873228	0.000000	0.624354	0.624354	1	1	1	1
10	0.000000	0.852062	0.852062	0.099951	0.490164	0.390213	1	1	1	1
1	0.339224	0.849288	0.989537	0.131800	0.512290	0.380490	0	1	1	1
2	0.724374	0.980635	1.101075	0.429904	0.395183	0.592707	0	1	1	1
3	0.255426	0.776170	0.795205	0.244664	0.399822	0.491750	1	0	1	1
4	0.236034	0.991734	1.098626	0.331069	0.489278	0.289940	0	1	1	0
5	0.747725	1.020999	0.851821	0.160376	0.487763	0.327388	1	0	1	1
6	0.374131	0.977654	0.959143	0.521586	0.461526	0.414887	1	0	1	0
7	0.290089	1.059096	1.071445	0.179362	0.286979	0.466340	0	1	1	1
8	0.297772	0.911776	0.996999	0.314182	0.460066	0.370451	0	1	1	1
9	0.426854	0.969209	0.940000	0.463885	0.529099	0.396151	0	1	1	1
10	0.260468	0.846574	0.945798	0.124897	0.348420	0.473317	0	1	1	1
1	0.992298	0.983721	0.867494	0.404907	0.298394	0.514935	0	1	0	1
2	1.166867	0.975947	0.961075	0.364852	0.502546	0.398287	0	1	1	0
3	1.015901	1.066924	1.077258	0.471409	0.481367	0.394285	0	1	1	0
4	1.086191	0.923133	1.084379	0.503378	0.493232	0.474672	0	1	0	1
5	0.996819	1.032729	1.078744	0.378839	0.325397	0.423866	0	1	0	1
6	0.969601	0.932210	0.848528	0.476010	0.349995	0.534966	1	0	0	1
7	1.077260	0.797262	1.068999	0.447885	0.511332	0.391092	0	1	1	0
8	0.841605	0.990882	1.080125	0.464471	0.453435	0.384942	0	1	1	0
9	0.915680	0.882590	0.934520	0.342558	0.577006	0.384490	0	1	1	0
10	0.944544	0.816970	0.959794	0.389675	0.500638	0.303817	0	1	1	0
1	0.963558	0.986090	0.814736	0.390703	0.415894	0.326932	1	0	1	0
2	0.977228	0.833701	0.963647	0.485448	0.545693	0.417474	1	0	1	0
3	1.095024	1.034759	0.917336	0.517595	0.593962	0.417918	0	1	1	0
4	1.037070	0.949139	1.084056	0.463560	0.441073	0.519105	0	1	0	1
5	1.219284	0.943988	0.850031	0.486359	0.387345	0.480133	0	1	0	1
6	1.090987	0.874939	1.020908	0.422470	0.505405	0.339247	0	1	1	0
7	1.019120	0.849226	0.966052	0.527068	0.382247	0.540015	0	1	0	1
8	1.028679	0.997201	0.938318	0.461336	0.555138	0.442327	1	0	1	0
9	0.934599	1.115797	0.948261	0.291712	0.219048	0.443726	1	0	0	1
10	1.062071	0.910944	0.971653	0.486533	0.497665	0.422354	0	1	1	0
1	0.954498	0.982616	0.765992	0.489051	0.497769	0.611593	1	0	0	1
2	1.011561	0.998858	1.158378	0.443301	0.443952	0.490305	0	1	0	1
3	0.970267	0.865723	0.970268	0.286066	0.317977	0.501585	0	1	0	1
4	0.923200	1.003728	0.966410	0.467158	0.331509	0.491129	0	1	0	1
5	1.210102	0.985200	1.070028	0.374679	0.445047	0.340605	0	1	1	0
6	0.934446	0.940351	0.756422	0.407264	0.414324	0.338567	1	0	1	0
7	1.092109	0.968211	0.963445	0.446799	0.451700	0.505111	1	0	0	1
8	1.088073	0.960682	0.947260	0.493184	0.492540	0.524713	1	0	0	1
9	1.118307	0.800709	1.073450	0.469059	0.419646	0.467716	0	1	0	1
10	1.209721	1.021380	0.861612	0.538219	0.590656	0.466158	1	0	1	0
1	1.080984	1.009956	0.853895	0.369093	0.544195	0.341636	1	0	1	0
2	1.052169	0.858986	1.058679	0.460761	0.506899	0.408961	0	1	1	0
3	0.921156	1.021221	0.805685	0.579095	0.587751	0.471444	1	0	1	0
4	1.054630	0.904269	0.989334	0.381685	0.358622	0.551581	0	1	0	1
5	0.891464	0.908292	1.074694	0.527669	0.532588	0.496429	0	1	1	0
6	0.995530	1.022072	1.189217	0.483863	0.469215	0.555682	0	1	0	1
7	0.984543	1.135433	0.905089	0.476340	0.495208	0.505363	1	0	0	1
8	0.920178	0.907057	0.957641	0.429993	0.380939	0.485771	1	0	0	1
9	0.899297	0.998871	0.859218	0.400850	0.425061	0.399050	1	0	1	0
10	0.986358	0.956915	0.948140	0.329162	0.602102	0.321734	0	1	1	0
