0	1000	1000
1	1000	1000
2	1000	1000
3	1000	1000
4	1000	1000
5	1000	1000
6	1000	1000
7	1000	1000
8	1000	1000
9	1000	1000
10	1000	1000
11	1000	1000
12	1000	1000
13	1000	1000
14	1000	1000
15	1000	1000
16	1000	1000
17	1000	1000
18	1000	1000
19	1000	1000
20	1000	1000
21	1000	1000
22	1000	1000
23	1000	1000
24	1000	1000
25	1000	1000
26	1000	1000
27	1000	1000
28	1000	1000
29	1000	1000
30	1000	1000
31	1000	1000
32	1000	1000
33	1000	1000
34	1000	1000
35	1000	1000
36	1000	1000
37	1000	1000
38	1000	1000
39	1000	1000
40	1000	1000
41	1000	1000
42	1000	1000
43	1000	1000
44	1000	1000
45	1000	1000
46	1000	1000
47	1000	1000
48	1000	1000
49	1000	1000
50	1000	1000
51	1000	1000
52	1000	1000
53	1000	1000
54	1000	1000
55	1000	1000
56	1000	1000
57	1000	1000
58	1000	1000
59	1000	1000
60	1000	1000
61	1000	1000
62	1000	1000
63	1000	1000
64	1000	1000
65	1000	1000
66	1000	1000
67	1000	1000
68	1000	1000
69	1000	1000
70	1000	1000
71	1000	1000
72	1000	1000
73	1000	1000
74	1000	1000
75	1000	1000
76	1000	1000
77	1000	1000
78	1000	1000
79	1000	1000
80	1000	1000
81	1000	1000
82	1000	1000
83	1000	1000
84	1000	1000
85	1000	1000
86	1000	1000
87	1000	1000
88	1000	1000
89	1000	1000
90	1000	1000
91	1000	1000
92	1000	1000
93	1000	1000
94	1000	1000
95	1000	1000
96	1000	1000
97	1000	1000
98	1000	1000
99	1000	1000
100	1000	1000
101	1000	1000
102	1000	1000
103	1000	1000
104	1000	1000
105	1000	1000
106	1000	1000
107	1000	1000
108	1000	1000
109	1000	1000
110	1000	1000
111	1000	1000
112	1000	1000
113	1000	1000
114	1000	1000
115	1000	1000
116	1000	1000
117	1000	1000
118	1000	1000
119	1000	1000
120	1000	1000
121	1000	1000
122	1000	1000
123	1000	1000
124	1000	1000
125	1000	1000
126	1000	1000
127	1000	1000
128	1000	1000
129	1000	1000
130	1000	1000
131	1000	1000
132	1000	1000
133	1000	1000
134	1000	1000
135	1000	1000
136	1000	1000
137	1000	1000
138	1000	1000
139	1000	1000
140	1000	1000
141	1000	1000
142	1000	1000
143	1000	1000
144	1000	1000
145	1000	1000
146	1000	1000
147	1000	1000
148	1000	1000
149	1000	1000
150	1000	1000
151	1000	1000
152	1000	1000
153	1000	1000
154	1000	1000
155	1000	1000
156	1000	1000
157	1000	1000
158	1000	1000
159	1000	1000
160	1000	1000
161	1000	1000
162	1000	1000
163	1000	1000
164	1000	1000
165	1000	1000
166	1000	1000
167	1000	1000
168	1000	1000
169	1000	1000
170	1000	1000
171	1000	1000
172	1000	1000
173	1000	1000
174	1000	1000
175	1000	1000
176	1000	1000
177	1000	1000
178	1000	1000
179	1000	1000
180	1000	1000
181	1000	1000
182	1000	1000
183	1000	1000
184	1000	1000
185	1000	1000
186	1000	1000
187	1000	1000
188	1000	1000
189	1000	1000
190	1000	1000
191	1000	1000
192	1000	1000
193	1000	1000
194	1000	1000
195	1000	1000
196	1000	1000
197	1000	1000
198	1000	1000
199	1000	1000
200	1000	1000
201	1000	1000
202	1000	1000
203	1000	1000
204	1000	1000
205	1000	1000
206	1000	1000
207	1000	1000
208	1000	1000
209	1000	1000
210	1000	1000
211	1000	1000
212	1000	1000
213	1000	1000
214	1000	1000
215	1000	1000
216	1000	1000
217	1000	1000
218	1000	1000
219	1000	1000
220	1000	1000
221	1000	1000
222	1000	1000
223	1000	1000
224	1000	1000
225	1000	1000
226	1000	1000
227	1000	1000
228	1000	1000
229	1000	1000
230	1000	1000
231	1000	1000
232	1000	1000
233	1000	1000
234	1000	1000
235	1000	1000
236	1000	1000
237	1000	1000
238	1000	1000
239	1000	1000
240	1000	1000
241	1000	1000
242	1000	1000
243	1000	1000
244	1000	1000
245	1000	1000
246	1000	1000
247	1000	1000
248	1000	1000
249	1000	1000
250	1000	1000
251	1000	1000
252	1000	1000
253	1000	1000
254	1000	1000
255	1000	1000
256	1000	1000
257	1000	1000
258	1000	1000
259	1000	1000
260	1000	1000
261	1000	1000
262	1000	1000
263	1000	1000
264	1000	1000
265	1000	1000
266	1000	1000
267	1000	1000
268	1000	1000
269	1000	1000
270	1000	1000
271	1000	1000
272	1000	1000
273	1000	1000
274	1000	1000
275	1000	1000
276	1000	1000
277	1000	1000
278	1000	1000
279	1000	1000
280	1000	1000
281	1000	1000
282	1000	1000
283	1000	1000
284	1000	1000
285	1000	1000
286	1000	1000
287	1000	1000
288	1000	1000
289	1000	1000
290	1000	1000
291	1000	1000
292	1000	1000
293	1000	1000
294	1000	1000
295	1000	1000
296	1000	1000
297	1000	1000
298	1000	1000
299	1000	1000
300	1000	1000
301	1000	1000
302	1000	1000
303	1000	1000
304	1000	1000
305	1000	1000
306	1000	1000
307	1000	1000
308	1000	1000
309	1000	1000
310	1000	1000
311	1000	1000
312	1000	1000
313	1000	1000
314	1000	1000
315	1000	1000
316	1000	1000
317	1000	1000
318	1000	1000
319	1000	1000
320	1000	1000
321	1000	1000
322	1000	1000
323	1000	1000
324	1000	1000
325	1000	1000
326	1000	1000
327	1000	1000
328	1000	1000
329	1000	1000
330	1000	1000
331	1000	1000
332	1000	1000
333	1000	1000
334	1000	1000
335	1000	1000
336	1000	1000
337	1000	1000
338	1000	1000
339	1000	1000
340	1000	1000
341	1000	1000
342	1000	1000
343	1000	1000
344	1000	1000
345	1000	1000
346	1000	1000
347	1000	1000
348	1000	1000
349	1000	1000
350	1000	1000
351	1000	1000
352	1000	1000
353	1000	1000
354	1000	1000
355	1000	1000
356	1000	1000
357	1000	1000
358	1000	1000
359	1000	1000
360	1000	1000
361	1000	1000
362	1000	1000
363	1000	1000
364	1000	1000
365	1000	1000
366	1000	1000
367	1000	1000
368	1000	1000
369	1000	1000
370	1000	1000
371	1000	1000
372	1000	1000
373	1000	1000
374	1000	1000
375	1000	1000
376	1000	1000
377	1000	1000
378	1000	1000
379	1000	1000
380	1000	1000
381	1000	1000
382	1000	1000
383	1000	1000
384	1000	1000
385	1000	1000
386	1000	1000
387	1000	1000
388	1000	1000
389	1000	1000
390	1000	1000
391	1000	1000
392	1000	1000
393	1000	1000
394	1000	1000
395	1000	1000
396	1000	1000
397	1000	1000
398	1000	1000
399	1000	1000
400	1000	1000
401	1000	1000
402	1000	1000
403	1000	1000
404	1000	1000
405	1000	1000
406	1000	1000
407	1000	1000
408	1000	1000
409	1000	1000
410	1000	1000
411	1000	1000
412	1000	1000
413	1000	1000
414	1000	1000
415	1000	1000
416	1000	1000
417	1000	1000
418	1000	1000
419	1000	1000
420	1000	1000
421	1000	1000
422	1000	1000
423	1000	1000
424	1000	1000
425	1000	1000
426	1000	1000
427	1000	1000
428	1000	1000
429	1000	1000
430	1000	1000
431	1000	1000
432	1000	1000
433	1000	1000
434	1000	1000
435	1000	1000
436	1000	1000
437	1000	1000
438	1000	1000
439	1000	1000
440	1000	1000
441	1000	1000
442	1000	1000
443	1000	1000
444	1000	1000
445	1000	1000
446	1000	1000
447	1000	1000
448	1000	1000
449	1000	1000
450	1000	1000
451	1000	1000
452	1000	1000
453	1000	1000
454	1000	1000
455	1000	1000
456	1000	1000
457	1000	1000
458	1000	1000
459	1000	1000
460	1000	1000
461	1000	1000
462	1000	1000
463	1000	1000
464	1000	1000
465	1000	1000
466	1000	1000
467	1000	1000
468	1000	1000
469	1000	1000
470	1000	1000
471	1000	1000
472	1000	1000
473	1000	1000
474	1000	1000
475	1000	1000
476	1000	1000
477	1000	1000
478	1000	1000
479	1000	1000
480	1000	1000
481	1000	1000
482	1000	1000
483	1000	1000
484	1000	1000
485	1000	1000
486	1000	1000
487	1000	1000
488	1000	1000
489	1000	1000
490	1000	1000
491	1000	1000
492	1000	1000
493	1000	1000
494	1000	1000
495	1000	1000
496	1000	1000
497	1000	1000
498	1000	1000
499	1000	1000
500	1000	1000
501	1000	1000
502	1000	1000
503	1000	1000
504	1000	1000
505	1000	1000
506	1000	1000
507	1000	1000
508	1000	1000
509	1000	1000
510	1000	1000
511	1000	1000
512	1000	1000
513	1000	1000
514	1000	1000
515	1000	1000
516	1000	1000
517	1000	1000
518	1000	1000
519	1000	1000
520	1000	1000
521	1000	1000
522	1000	1000
523	1000	1000
524	1000	1000
525	1000	1000
526	1000	1000
527	1000	1000
528	1000	1000
529	1000	1000
530	1000	1000
531	1000	1000
532	1000	1000
533	1000	1000
534	1000	1000
535	1000	1000
536	1000	1000
537	1000	1000
538	1000	1000
539	1000	1000
540	1000	1000
541	1000	1000
542	1000	1000
543	1000	1000
544	1000	1000
545	1000	1000
546	1000	1000
547	1000	1000
548	1000	1000
549	1000	1000
550	1000	1000
551	1000	1000
552	1000	1000
553	1000	1000
554	1000	1000
555	1000	1000
556	1000	1000
557	1000	1000
558	1000	1000
559	1000	1000
560	1000	1000
561	1000	1000
562	1000	1000
563	1000	1000
564	1000	1000
565	1000	1000
566	1000	1000
567	1000	1000
568	1000	1000
569	1000	1000
570	1000	1000
571	1000	1000
572	1000	1000
573	1000	1000
574	1000	1000
575	1000	1000
576	1000	1000
577	1000	1000
578	1000	1000
579	1000	1000
580	1000	1000
581	1000	1000
582	1000	1000
583	1000	1000
584	1000	1000
585	1000	1000
586	1000	1000
587	1000	1000
588	1000	1000
589	1000	1000
590	1000	1000
591	1000	1000
592	1000	1000
593	1000	1000
594	1000	1000
595	1000	1000
596	1000	1000
597	1000	1000
598	1000	1000
599	1000	1000
600	1000	1000
601	1000	1000
602	1000	1000
603	1000	1000
604	1000	1000
605	1000	1000
606	1000	1000
607	1000	1000
608	1000	1000
609	1000	1000
610	1000	1000
611	1000	1000
612	1000	1000
613	1000	1000
614	1000	1000
615	1000	1000
616	1000	1000
617	1000	1000
618	1000	1000
619	1000	1000
620	1000	1000
621	1000	1000
622	1000	1000
623	1000	1000
624	1000	1000
625	1000	1000
626	1000	1000
627	1000	1000
628	1000	1000
629	1000	1000
630	1000	1000
631	1000	1000
632	1000	1000
633	1000	1000
634	1000	1000
635	1000	1000
636	1000	1000
637	1000	1000
638	1000	1000
639	1000	1000
640	1000	1000
641	1000	1000
642	1000	1000
643	1000	1000
644	1000	1000
645	1000	1000
646	1000	1000
647	1000	1000
648	1000	1000
649	1000	1000
650	1000	1000
651	1000	1000
652	1000	1000
653	1000	1000
654	1000	1000
655	1000	1000
656	1000	1000
657	1000	1000
658	1000	1000
659	1000	1000
660	1000	1000
661	1000	1000
662	1000	1000
663	1000	1000
664	1000	1000
665	1000	1000
666	1000	1000
667	1000	1000
668	1000	1000
669	1000	1000
670	1000	1000
671	1000	1000
672	1000	1000
673	1000	1000
674	1000	1000
675	1000	1000
676	1000	1000
677	1000	1000
678	1000	1000
679	1000	1000
680	1000	1000
681	1000	1000
682	1000	1000
683	1000	1000
684	1000	1000
685	1000	1000
686	1000	1000
687	1000	1000
688	1000	1000
689	1000	1000
690	1000	1000
691	1000	1000
692	1000	1000
693	1000	1000
694	1000	1000
695	1000	1000
696	1000	1000
697	1000	1000
698	1000	1000
699	1000	1000
700	1000	1000
701	1000	1000
702	1000	1000
703	1000	1000
704	1000	1000
705	1000	1000
706	1000	1000
707	1000	1000
708	1000	1000
709	1000	1000
710	1000	1000
711	1000	1000
712	1000	1000
713	1000	1000
714	1000	1000
715	1000	1000
716	1000	1000
717	1000	1000
718	1000	1000
719	1000	1000
720	1000	1000
721	1000	1000
722	1000	1000
723	1000	1000
724	1000	1000
725	1000	1000
726	1000	1000
727	1000	1000
728	1000	1000
729	1000	1000
730	1000	1000
731	1000	1000
732	1000	1000
733	1000	1000
734	1000	1000
735	1000	1000
736	1000	1000
737	1000	1000
738	1000	1000
739	1000	1000
740	1000	1000
741	1000	1000
742	1000	1000
743	1000	1000
744	1000	1000
745	1000	1000
746	1000	1000
747	1000	1000
748	1000	1000
749	1000	1000
750	1000	1000
751	1000	1000
752	1000	1000
753	1000	1000
754	1000	1000
755	1000	1000
756	1000	1000
757	1000	1000
758	1000	1000
759	1000	1000
760	1000	1000
761	1000	1000
762	1000	1000
763	1000	1000
764	1000	1000
765	1000	1000
766	1000	1000
767	1000	1000
768	1000	1000
769	1000	1000
770	1000	1000
771	1000	1000
772	1000	1000
773	1000	1000
774	1000	1000
775	1000	1000
776	1000	1000
777	1000	1000
778	1000	1000
779	1000	1000
780	1000	1000
781	1000	1000
782	1000	1000
783	1000	1000
784	1000	1000
785	1000	1000
786	1000	1000
787	1000	1000
788	1000	1000
789	1000	1000
790	1000	1000
791	1000	1000
792	1000	1000
793	1000	1000
794	1000	1000
795	1000	1000
796	1000	1000
797	1000	1000
798	1000	1000
799	1000	1000
800	1000	1000
801	1000	1000
802	1000	1000
803	1000	1000
804	1000	1000
805	1000	1000
806	1000	1000
807	1000	1000
808	1000	1000
809	1000	1000
810	1000	1000
811	1000	1000
812	1000	1000
813	1000	1000
814	1000	1000
815	1000	1000
816	1000	1000
817	1000	1000
818	1000	1000
819	1000	1000
820	1000	1000
821	1000	1000
822	1000	1000
823	1000	1000
824	1000	1000
825	1000	1000
826	1000	1000
827	1000	1000
828	1000	1000
829	1000	1000
830	1000	1000
831	1000	1000
832	1000	1000
833	1000	1000
834	1000	1000
835	1000	1000
836	1000	1000
837	1000	1000
838	1000	1000
839	1000	1000
840	1000	1000
841	1000	1000
842	1000	1000
843	1000	1000
844	1000	1000
845	1000	1000
846	1000	1000
847	1000	1000
848	1000	1000
849	1000	1000
850	1000	1000
851	1000	1000
852	1000	1000
853	1000	1000
854	1000	1000
855	1000	1000
856	1000	1000
857	1000	1000
858	1000	1000
859	1000	1000
860	1000	1000
861	1000	1000
862	1000	1000
863	1000	1000
864	1000	1000
865	1000	1000
866	1000	1000
867	1000	1000
868	1000	1000
869	1000	1000
870	1000	1000
871	1000	1000
872	1000	1000
873	1000	1000
874	1000	1000
875	1000	1000
876	1000	1000
877	1000	1000
878	1000	1000
879	1000	1000
880	1000	1000
881	1000	1000
882	1000	1000
883	1000	1000
884	1000	1000
885	1000	1000
886	1000	1000
887	1000	1000
888	1000	1000
889	1000	1000
890	1000	1000
891	1000	1000
892	1000	1000
893	1000	1000
894	1000	1000
895	1000	1000
896	1000	1000
897	1000	1000
898	1000	1000
899	1000	1000
900	1000	1000
901	1000	1000
902	1000	1000
903	1000	1000
904	1000	1000
905	1000	1000
906	1000	1000
907	1000	1000
908	1000	1000
909	1000	1000
910	1000	1000
911	1000	1000
912	1000	1000
913	1000	1000
914	1000	1000
915	1000	1000
916	1000	1000
917	1000	1000
918	1000	1000
919	1000	1000
920	1000	1000
921	1000	1000
922	1000	1000
923	1000	1000
924	1000	1000
925	1000	1000
926	1000	1000
927	1000	1000
928	1000	1000
929	1000	1000
930	1000	1000
931	1000	1000
932	1000	1000
933	1000	1000
934	1000	1000
935	1000	1000
936	1000	1000
937	1000	1000
938	1000	1000
939	1000	1000
940	1000	1000
941	1000	1000
942	1000	1000
943	1000	1000
944	1000	1000
945	1000	1000
946	1000	1000
947	1000	1000
948	1000	1000
949	1000	1000
950	1000	1000
951	1000	1000
952	1000	1000
953	1000	1000
954	1000	1000
955	1000	1000
956	1000	1000
957	1000	1000
958	1000	1000
959	1000	1000
960	1000	1000
961	1000	1000
962	1000	1000
963	1000	1000
964	1000	1000
965	1000	1000
966	1000	1000
967	1000	1000
968	1000	1000
969	1000	1000
970	1000	1000
971	1000	1000
972	1000	1000
973	1000	1000
974	1000	1000
975	1000	1000
976	1000	1000
977	1000	1000
978	1000	1000
979	1000	1000
980	1000	1000
981	1000	1000
982	1000	1000
983	1000	1000
984	1000	1000
985	1000	1000
986	1000	1000
987	1000	1000
988	1000	1000
989	1000	1000
990	1000	1000
991	1000	1000
992	1000	1000
993	1000	1000
994	1000	1000
995	1000	1000
996	1000	1000
997	1000	1000
998	1000	1000
999	1000	1000
1000	1000	1000
1001	1008	1000
1002	1016	1000
1003	1024	1000
1004	1032	1000
1005	1040	1000
1006	1048	1000
1007	1056	1000
1008	1064	1000
1009	1072	1000
1010	1080	1000
1011	1088	1000
1012	1096	1000
1013	1104	1000
1014	1112	1000
1015	1120	1000
1016	1128	1000
1017	1136	1000
1018	1144	1000
1019	1152	1000
1020	1160	1000
1021	1168	1000
1022	1176	1000
1023	1184	1000
1024	1192	1000
1025	1200	1000
1026	1208	1000
1027	1216	1000
1028	1224	1000
1029	1232	1000
1030	1240	1000
1031	1248	1000
1032	1256	1000
1033	1264	1000
1034	1272	1000
1035	1280	1000
1036	1288	1000
1037	1296	1000
1038	1304	1000
1039	1312	1000
1040	1320	1000
1041	1328	1000
1042	1336	1000
1043	1344	1000
1044	1352	1000
1045	1360	1000
1046	1368	1000
1047	1376	1000
1048	1384	1000
1049	1392	1000
1050	1400	1000
1051	1408	1000
1052	1416	1000
1053	1424	1000
1054	1432	1000
1055	1440	1000
1056	1448	1000
1057	1456	1000
1058	1464	1000
1059	1472	1000
1060	1480	1000
1061	1488	1000
1062	1496	1000
1063	1504	1000
1064	1512	1000
1065	1520	1000
1066	1528	1000
1067	1536	1000
1068	1544	1000
1069	1552	1000
1070	1560	1000
1071	1568	1000
1072	1576	1000
1073	1584	1000
1074	1592	1000
1075	1600	1000
1076	1608	1000
1077	1616	1000
1078	1624	1000
1079	1632	1000
1080	1640	1000
1081	1648	1000
1082	1656	1000
1083	1664	1000
1084	1672	1000
1085	1680	1000
1086	1688	1000
1087	1696	1000
1088	1704	1000
1089	1712	1000
1090	1720	1000
1091	1728	1000
1092	1736	1000
1093	1744	1000
1094	1752	1000
1095	1760	1000
1096	1768	1000
1097	1776	1000
1098	1784	1000
1099	1792	1000
1100	1800	1000
1101	1808	1000
1102	1816	1000
1103	1824	1000
1104	1832	1000
1105	1840	1000
1106	1848	1000
1107	1856	1000
1108	1864	1000
1109	1872	1000
1110	1880	1000
1111	1888	1000
1112	1896	1000
1113	1904	1000
1114	1912	1000
1115	1920	1000
1116	1928	1000
1117	1936	1000
1118	1944	1000
1119	1952	1000
1120	1960	1000
1121	1968	1000
1122	1976	1000
1123	1984	1000
1124	1992	1000
1125	2000	1000
1126	2008	1000
1127	2016	1000
1128	2024	1000
1129	2032	1000
1130	2040	1000
1131	2048	1000
1132	2056	1000
1133	2064	1000
1134	2072	1000
1135	2080	1000
1136	2088	1000
1137	2096	1000
1138	2104	1000
1139	2112	1000
1140	2120	1000
1141	2128	1000
1142	2136	1000
1143	2144	1000
1144	2152	1000
1145	2160	1000
1146	2168	1000
1147	2176	1000
1148	2184	1000
1149	2192	1000
1150	2200	1000
1151	2208	1000
1152	2216	1000
1153	2224	1000
1154	2232	1000
1155	2240	1000
1156	2248	1000
1157	2256	1000
1158	2264	1000
1159	2272	1000
1160	2280	1000
1161	2288	1000
1162	2296	1000
1163	2304	1000
1164	2312	1000
1165	2320	1000
1166	2328	1000
1167	2336	1000
1168	2344	1000
1169	2352	1000
1170	2360	1000
1171	2368	1000
1172	2376	1000
1173	2384	1000
1174	2392	1000
1175	2400	1000
1176	2408	1000
1177	2416	1000
1178	2424	1000
1179	2432	1000
1180	2440	1000
1181	2448	1000
1182	2456	1000
1183	2464	1000
1184	2472	1000
1185	2480	1000
1186	2488	1000
1187	2496	1000
1188	2504	1000
1189	2512	1000
1190	2520	1000
1191	2528	1000
1192	2536	1000
1193	2544	1000
1194	2552	1000
1195	2560	1000
1196	2568	1000
1197	2576	1000
1198	2584	1000
1199	2592	1000
1200	2600	1000
1201	2608	1000
1202	2616	1000
1203	2624	1000
1204	2632	1000
1205	2640	1000
1206	2648	1000
1207	2656	1000
1208	2664	1000
1209	2672	1000
1210	2680	1000
1211	2688	1000
1212	2696	1000
1213	2704	1000
1214	2712	1000
1215	2720	1000
1216	2728	1000
1217	2736	1000
1218	2744	1000
1219	2752	1000
1220	2760	1000
1221	2768	1000
1222	2776	1000
1223	2784	1000
1224	2792	1000
1225	2800	1000
1226	2808	1000
1227	2816	1000
1228	2824	1000
1229	2832	1000
1230	2840	1000
1231	2848	1000
1232	2856	1000
1233	2864	1000
1234	2872	1000
1235	2880	1000
1236	2888	1000
1237	2896	1000
1238	2904	1000
1239	2912	1000
1240	2920	1000
1241	2928	1000
1242	2936	1000
1243	2944	1000
1244	2952	1000
1245	2960	1000
1246	2968	1000
1247	2976	1000
1248	2984	1000
1249	2992	1000
1250	3000	1000
1251	3000	1000
1252	3000	1000
1253	3000	1000
1254	3000	1000
1255	3000	1000
1256	3000	1000
1257	3000	1000
1258	3000	1000
1259	3000	1000
1260	3000	1000
1261	3000	1000
1262	3000	1000
1263	3000	1000
1264	3000	1000
1265	3000	1000
1266	3000	1000
1267	3000	1000
1268	3000	1000
1269	3000	1000
1270	3000	1000
1271	3000	1000
1272	3000	1000
1273	3000	1000
1274	3000	1000
1275	3000	1000
1276	3000	1000
1277	3000	1000
1278	3000	1000
1279	3000	1000
1280	3000	1000
1281	3000	1000
1282	3000	1000
1283	3000	1000
1284	3000	1000
1285	3000	1000
1286	3000	1000
1287	3000	1000
1288	3000	1000
1289	3000	1000
1290	3000	1000
1291	3000	1000
1292	3000	1000
1293	3000	1000
1294	3000	1000
1295	3000	1000
1296	3000	1000
1297	3000	1000
1298	3000	1000
1299	3000	1000
1300	3000	1000
1301	3000	1000
1302	3000	1000
1303	3000	1000
1304	3000	1000
1305	3000	1000
1306	3000	1000
1307	3000	1000
1308	3000	1000
1309	3000	1000
1310	3000	1000
1311	3000	1000
1312	3000	1000
1313	3000	1000
1314	3000	1000
1315	3000	1000
1316	3000	1000
1317	3000	1000
1318	3000	1000
1319	3000	1000
1320	3000	1000
1321	3000	1000
1322	3000	1000
1323	3000	1000
1324	3000	1000
1325	3000	1000
1326	3000	1000
1327	3000	1000
1328	3000	1000
1329	3000	1000
1330	3000	1000
1331	3000	1000
1332	3000	1000
1333	3000	1000
1334	3000	1000
1335	3000	1000
1336	3000	1000
1337	3000	1000
1338	3000	1000
1339	3000	1000
1340	3000	1000
1341	3000	1000
1342	3000	1000
1343	3000	1000
1344	3000	1000
1345	3000	1000
1346	3000	1000
1347	3000	1000
1348	3000	1000
1349	3000	1000
1350	3000	1000
1351	3000	1000
1352	3000	1000
1353	3000	1000
1354	3000	1000
1355	3000	1000
1356	3000	1000
1357	3000	1000
1358	3000	1000
1359	3000	1000
1360	3000	1000
1361	3000	1000
1362	3000	1000
1363	3000	1000
1364	3000	1000
1365	3000	1000
1366	3000	1000
1367	3000	1000
1368	3000	1000
1369	3000	1000
1370	3000	1000
1371	3000	1000
1372	3000	1000
1373	3000	1000
1374	3000	1000
1375	3000	1000
1376	3000	1000
1377	3000	1000
1378	3000	1000
1379	3000	1000
1380	3000	1000
1381	3000	1000
1382	3000	1000
1383	3000	1000
1384	3000	1000
1385	3000	1000
1386	3000	1000
1387	3000	1000
1388	3000	1000
1389	3000	1000
1390	3000	1000
1391	3000	1000
1392	3000	1000
1393	3000	1000
1394	3000	1000
1395	3000	1000
1396	3000	1000
1397	3000	1000
1398	3000	1000
1399	3000	1000
1400	3000	1000
1401	3000	1000
1402	3000	1000
1403	3000	1000
1404	3000	1000
1405	3000	1000
1406	3000	1000
1407	3000	1000
1408	3000	1000
1409	3000	1000
1410	3000	1000
1411	3000	1000
1412	3000	1000
1413	3000	1000
1414	3000	1000
1415	3000	1000
1416	3000	1000
1417	3000	1000
1418	3000	1000
1419	3000	1000
1420	3000	1000
1421	3000	1000
1422	3000	1000
1423	3000	1000
1424	3000	1000
1425	3000	1000
1426	3000	1000
1427	3000	1000
1428	3000	1000
1429	3000	1000
1430	3000	1000
1431	3000	1000
1432	3000	1000
1433	3000	1000
1434	3000	1000
1435	3000	1000
1436	3000	1000
1437	3000	1000
1438	3000	1000
1439	3000	1000
1440	3000	1000
1441	3000	1000
1442	3000	1000
1443	3000	1000
1444	3000	1000
1445	3000	1000
1446	3000	1000
1447	3000	1000
1448	3000	1000
1449	3000	1000
1450	3000	1000
1451	3000	1000
1452	3000	1000
1453	3000	1000
1454	3000	1000
1455	3000	1000
1456	3000	1000
1457	3000	1000
1458	3000	1000
1459	3000	1000
1460	3000	1000
1461	3000	1000
1462	3000	1000
1463	3000	1000
1464	3000	1000
1465	3000	1000
1466	3000	1000
1467	3000	1000
1468	3000	1000
1469	3000	1000
1470	3000	1000
1471	3000	1000
1472	3000	1000
1473	3000	1000
1474	3000	1000
1475	3000	1000
1476	3000	1000
1477	3000	1000
1478	3000	1000
1479	3000	1000
1480	3000	1000
1481	3000	1000
1482	3000	1000
1483	3000	1000
1484	3000	1000
1485	3000	1000
1486	3000	1000
1487	3000	1000
1488	3000	1000
1489	3000	1000
1490	3000	1000
1491	3000	1000
1492	3000	1000
1493	3000	1000
1494	3000	1000
1495	3000	1000
1496	3000	1000
1497	3000	1000
1498	3000	1000
1499	3000	1000
1500	3000	1000
1501	3000	1000
1502	3000	1000
1503	3000	1000
1504	3000	1000
1505	3000	1000
1506	3000	1000
1507	3000	1000
1508	3000	1000
1509	3000	1000
1510	3000	1000
1511	3000	1000
1512	3000	1000
1513	3000	1000
1514	3000	1000
1515	3000	1000
1516	3000	1000
1517	3000	1000
1518	3000	1000
1519	3000	1000
1520	3000	1000
1521	3000	1000
1522	3000	1000
1523	3000	1000
1524	3000	1000
1525	3000	1000
1526	3000	1000
1527	3000	1000
1528	3000	1000
1529	3000	1000
1530	3000	1000
1531	3000	1000
1532	3000	1000
1533	3000	1000
1534	3000	1000
1535	3000	1000
1536	3000	1000
1537	3000	1000
1538	3000	1000
1539	3000	1000
1540	3000	1000
1541	3000	1000
1542	3000	1000
1543	3000	1000
1544	3000	1000
1545	3000	1000
1546	3000	1000
1547	3000	1000
1548	3000	1000
1549	3000	1000
1550	3000	1000
1551	3000	1000
1552	3000	1000
1553	3000	1000
1554	3000	1000
1555	3000	1000
1556	3000	1000
1557	3000	1000
1558	3000	1000
1559	3000	1000
1560	3000	1000
1561	3000	1000
1562	3000	1000
1563	3000	1000
1564	3000	1000
1565	3000	1000
1566	3000	1000
1567	3000	1000
1568	3000	1000
1569	3000	1000
1570	3000	1000
1571	3000	1000
1572	3000	1000
1573	3000	1000
1574	3000	1000
1575	3000	1000
1576	3000	1000
1577	3000	1000
1578	3000	1000
1579	3000	1000
1580	3000	1000
1581	3000	1000
1582	3000	1000
1583	3000	1000
1584	3000	1000
1585	3000	1000
1586	3000	1000
1587	3000	1000
1588	3000	1000
1589	3000	1000
1590	3000	1000
1591	3000	1000
1592	3000	1000
1593	3000	1000
1594	3000	1000
1595	3000	1000
1596	3000	1000
1597	3000	1000
1598	3000	1000
1599	3000	1000
1600	3000	1000
1601	3000	1000
1602	3000	1000
1603	3000	1000
1604	3000	1000
1605	3000	1000
1606	3000	1000
1607	3000	1000
1608	3000	1000
1609	3000	1000
1610	3000	1000
1611	3000	1000
1612	3000	1000
1613	3000	1000
1614	3000	1000
1615	3000	1000
1616	3000	1000
1617	3000	1000
1618	3000	1000
1619	3000	1000
1620	3000	1000
1621	3000	1000
1622	3000	1000
1623	3000	1000
1624	3000	1000
1625	3000	1000
1626	3000	1000
1627	3000	1000
1628	3000	1000
1629	3000	1000
1630	3000	1000
1631	3000	1000
1632	3000	1000
1633	3000	1000
1634	3000	1000
1635	3000	1000
1636	3000	1000
1637	3000	1000
1638	3000	1000
1639	3000	1000
1640	3000	1000
1641	3000	1000
1642	3000	1000
1643	3000	1000
1644	3000	1000
1645	3000	1000
1646	3000	1000
1647	3000	1000
1648	3000	1000
1649	3000	1000
1650	3000	1000
1651	3000	1000
1652	3000	1000
1653	3000	1000
1654	3000	1000
1655	3000	1000
1656	3000	1000
1657	3000	1000
1658	3000	1000
1659	3000	1000
1660	3000	1000
1661	3000	1000
1662	3000	1000
1663	3000	1000
1664	3000	1000
1665	3000	1000
1666	3000	1000
1667	3000	1000
1668	3000	1000
1669	3000	1000
1670	3000	1000
1671	3000	1000
1672	3000	1000
1673	3000	1000
1674	3000	1000
1675	3000	1000
1676	3000	1000
1677	3000	1000
1678	3000	1000
1679	3000	1000
1680	3000	1000
1681	3000	1000
1682	3000	1000
1683	3000	1000
1684	3000	1000
1685	3000	1000
1686	3000	1000
1687	3000	1000
1688	3000	1000
1689	3000	1000
1690	3000	1000
1691	3000	1000
1692	3000	1000
1693	3000	1000
1694	3000	1000
1695	3000	1000
1696	3000	1000
1697	3000	1000
1698	3000	1000
1699	3000	1000
1700	3000	1000
1701	3000	1000
1702	3000	1000
1703	3000	1000
1704	3000	1000
1705	3000	1000
1706	3000	1000
1707	3000	1000
1708	3000	1000
1709	3000	1000
1710	3000	1000
1711	3000	1000
1712	3000	1000
1713	3000	1000
1714	3000	1000
1715	3000	1000
1716	3000	1000
1717	3000	1000
1718	3000	1000
1719	3000	1000
1720	3000	1000
1721	3000	1000
1722	3000	1000
1723	3000	1000
1724	3000	1000
1725	3000	1000
1726	3000	1000
1727	3000	1000
1728	3000	1000
1729	3000	1000
1730	3000	1000
1731	3000	1000
1732	3000	1000
1733	3000	1000
1734	3000	1000
1735	3000	1000
1736	3000	1000
1737	3000	1000
1738	3000	1000
1739	3000	1000
1740	3000	1000
1741	3000	1000
1742	3000	1000
1743	3000	1000
1744	3000	1000
1745	3000	1000
1746	3000	1000
1747	3000	1000
1748	3000	1000
1749	3000	1000
1750	3000	1000
1751	3000	1008
1752	3000	1016
1753	3000	1024
1754	3000	1032
1755	3000	1040
1756	3000	1048
1757	3000	1056
1758	3000	1064
1759	3000	1072
1760	3000	1080
1761	3000	1088
1762	3000	1096
1763	3000	1104
1764	3000	1112
1765	3000	1120
1766	3000	1128
1767	3000	1136
1768	3000	1144
1769	3000	1152
1770	3000	1160
1771	3000	1168
1772	3000	1176
1773	3000	1184
1774	3000	1192
1775	3000	1200
1776	3000	1208
1777	3000	1216
1778	3000	1224
1779	3000	1232
1780	3000	1240
1781	3000	1248
1782	3000	1256
1783	3000	1264
1784	3000	1272
1785	3000	1280
1786	3000	1288
1787	3000	1296
1788	3000	1304
1789	3000	1312
1790	3000	1320
1791	3000	1328
1792	3000	1336
1793	3000	1344
1794	3000	1352
1795	3000	1360
1796	3000	1368
1797	3000	1376
1798	3000	1384
1799	3000	1392
1800	3000	1400
1801	3000	1408
1802	3000	1416
1803	3000	1424
1804	3000	1432
1805	3000	1440
1806	3000	1448
1807	3000	1456
1808	3000	1464
1809	3000	1472
1810	3000	1480
1811	3000	1488
1812	3000	1496
1813	3000	1504
1814	3000	1512
1815	3000	1520
1816	3000	1528
1817	3000	1536
1818	3000	1544
1819	3000	1552
1820	3000	1560
1821	3000	1568
1822	3000	1576
1823	3000	1584
1824	3000	1592
1825	3000	1600
1826	3000	1608
1827	3000	1616
1828	3000	1624
1829	3000	1632
1830	3000	1640
1831	3000	1648
1832	3000	1656
1833	3000	1664
1834	3000	1672
1835	3000	1680
1836	3000	1688
1837	3000	1696
1838	3000	1704
1839	3000	1712
1840	3000	1720
1841	3000	1728
1842	3000	1736
1843	3000	1744
1844	3000	1752
1845	3000	1760
1846	3000	1768
1847	3000	1776
1848	3000	1784
1849	3000	1792
1850	3000	1800
1851	3000	1808
1852	3000	1816
1853	3000	1824
1854	3000	1832
1855	3000	1840
1856	3000	1848
1857	3000	1856
1858	3000	1864
1859	3000	1872
1860	3000	1880
1861	3000	1888
1862	3000	1896
1863	3000	1904
1864	3000	1912
1865	3000	1920
1866	3000	1928
1867	3000	1936
1868	3000	1944
1869	3000	1952
1870	3000	1960
1871	3000	1968
1872	3000	1976
1873	3000	1984
1874	3000	1992
1875	3000	2000
1876	3000	2008
1877	3000	2016
1878	3000	2024
1879	3000	2032
1880	3000	2040
1881	3000	2048
1882	3000	2056
1883	3000	2064
1884	3000	2072
1885	3000	2080
1886	3000	2088
1887	3000	2096
1888	3000	2104
1889	3000	2112
1890	3000	2120
1891	3000	2128
1892	3000	2136
1893	3000	2144
1894	3000	2152
1895	3000	2160
1896	3000	2168
1897	3000	2176
1898	3000	2184
1899	3000	2192
1900	3000	2200
1901	3000	2208
1902	3000	2216
1903	3000	2224
1904	3000	2232
1905	3000	2240
1906	3000	2248
1907	3000	2256
1908	3000	2264
1909	3000	2272
1910	3000	2280
1911	3000	2288
1912	3000	2296
1913	3000	2304
1914	3000	2312
1915	3000	2320
1916	3000	2328
1917	3000	2336
1918	3000	2344
1919	3000	2352
1920	3000	2360
1921	3000	2368
1922	3000	2376
1923	3000	2384
1924	3000	2392
1925	3000	2400
1926	3000	2408
1927	3000	2416
1928	3000	2424
1929	3000	2432
1930	3000	2440
1931	3000	2448
1932	3000	2456
1933	3000	2464
1934	3000	2472
1935	3000	2480
1936	3000	2488
1937	3000	2496
1938	3000	2504
1939	3000	2512
1940	3000	2520
1941	3000	2528
1942	3000	2536
1943	3000	2544
1944	3000	2552
1945	3000	2560
1946	3000	2568
1947	3000	2576
1948	3000	2584
1949	3000	2592
1950	3000	2600
1951	3000	2608
1952	3000	2616
1953	3000	2624
1954	3000	2632
1955	3000	2640
1956	3000	2648
1957	3000	2656
1958	3000	2664
1959	3000	2672
1960	3000	2680
1961	3000	2688
1962	3000	2696
1963	3000	2704
1964	3000	2712
1965	3000	2720
1966	3000	2728
1967	3000	2736
1968	3000	2744
1969	3000	2752
1970	3000	2760
1971	3000	2768
1972	3000	2776
1973	3000	2784
1974	3000	2792
1975	3000	2800
1976	3000	2808
1977	3000	2816
1978	3000	2824
1979	3000	2832
1980	3000	2840
1981	3000	2848
1982	3000	2856
1983	3000	2864
1984	3000	2872
1985	3000	2880
1986	3000	2888
1987	3000	2896
1988	3000	2904
1989	3000	2912
1990	3000	2920
1991	3000	2928
1992	3000	2936
1993	3000	2944
1994	3000	2952
1995	3000	2960
1996	3000	2968
1997	3000	2976
1998	3000	2984
1999	3000	2992
2000	3000	3000
2001	2992	3000
2002	2984	3000
2003	2976	3000
2004	2968	3000
2005	2960	3000
2006	2952	3000
2007	2944	3000
2008	2936	3000
2009	2928	3000
2010	2920	3000
2011	2912	3000
2012	2904	3000
2013	2896	3000
2014	2888	3000
2015	2880	3000
2016	2872	3000
2017	2864	3000
2018	2856	3000
2019	2848	3000
2020	2840	3000
2021	2832	3000
2022	2824	3000
2023	2816	3000
2024	2808	3000
2025	2800	3000
2026	2792	3000
2027	2784	3000
2028	2776	3000
2029	2768	3000
2030	2760	3000
2031	2752	3000
2032	2744	3000
2033	2736	3000
2034	2728	3000
2035	2720	3000
2036	2712	3000
2037	2704	3000
2038	2696	3000
2039	2688	3000
2040	2680	3000
2041	2672	3000
2042	2664	3000
2043	2656	3000
2044	2648	3000
2045	2640	3000
2046	2632	3000
2047	2624	3000
2048	2616	3000
2049	2608	3000
2050	2600	3000
2051	2592	3000
2052	2584	3000
2053	2576	3000
2054	2568	3000
2055	2560	3000
2056	2552	3000
2057	2544	3000
2058	2536	3000
2059	2528	3000
2060	2520	3000
2061	2512	3000
2062	2504	3000
2063	2496	3000
2064	2488	3000
2065	2480	3000
2066	2472	3000
2067	2464	3000
2068	2456	3000
2069	2448	3000
2070	2440	3000
2071	2432	3000
2072	2424	3000
2073	2416	3000
2074	2408	3000
2075	2400	3000
2076	2392	3000
2077	2384	3000
2078	2376	3000
2079	2368	3000
2080	2360	3000
2081	2352	3000
2082	2344	3000
2083	2336	3000
2084	2328	3000
2085	2320	3000
2086	2312	3000
2087	2304	3000
2088	2296	3000
2089	2288	3000
2090	2280	3000
2091	2272	3000
2092	2264	3000
2093	2256	3000
2094	2248	3000
2095	2240	3000
2096	2232	3000
2097	2224	3000
2098	2216	3000
2099	2208	3000
2100	2200	3000
2101	2192	3000
2102	2184	3000
2103	2176	3000
2104	2168	3000
2105	2160	3000
2106	2152	3000
2107	2144	3000
2108	2136	3000
2109	2128	3000
2110	2120	3000
2111	2112	3000
2112	2104	3000
2113	2096	3000
2114	2088	3000
2115	2080	3000
2116	2072	3000
2117	2064	3000
2118	2056	3000
2119	2048	3000
2120	2040	3000
2121	2032	3000
2122	2024	3000
2123	2016	3000
2124	2008	3000
2125	2000	3000
2126	1992	3000
2127	1984	3000
2128	1976	3000
2129	1968	3000
2130	1960	3000
2131	1952	3000
2132	1944	3000
2133	1936	3000
2134	1928	3000
2135	1920	3000
2136	1912	3000
2137	1904	3000
2138	1896	3000
2139	1888	3000
2140	1880	3000
2141	1872	3000
2142	1864	3000
2143	1856	3000
2144	1848	3000
2145	1840	3000
2146	1832	3000
2147	1824	3000
2148	1816	3000
2149	1808	3000
2150	1800	3000
2151	1792	3000
2152	1784	3000
2153	1776	3000
2154	1768	3000
2155	1760	3000
2156	1752	3000
2157	1744	3000
2158	1736	3000
2159	1728	3000
2160	1720	3000
2161	1712	3000
2162	1704	3000
2163	1696	3000
2164	1688	3000
2165	1680	3000
2166	1672	3000
2167	1664	3000
2168	1656	3000
2169	1648	3000
2170	1640	3000
2171	1632	3000
2172	1624	3000
2173	1616	3000
2174	1608	3000
2175	1600	3000
2176	1592	3000
2177	1584	3000
2178	1576	3000
2179	1568	3000
2180	1560	3000
2181	1552	3000
2182	1544	3000
2183	1536	3000
2184	1528	3000
2185	1520	3000
2186	1512	3000
2187	1504	3000
2188	1496	3000
2189	1488	3000
2190	1480	3000
2191	1472	3000
2192	1464	3000
2193	1456	3000
2194	1448	3000
2195	1440	3000
2196	1432	3000
2197	1424	3000
2198	1416	3000
2199	1408	3000
2200	1400	3000
2201	1392	3000
2202	1384	3000
2203	1376	3000
2204	1368	3000
2205	1360	3000
2206	1352	3000
2207	1344	3000
2208	1336	3000
2209	1328	3000
2210	1320	3000
2211	1312	3000
2212	1304	3000
2213	1296	3000
2214	1288	3000
2215	1280	3000
2216	1272	3000
2217	1264	3000
2218	1256	3000
2219	1248	3000
2220	1240	3000
2221	1232	3000
2222	1224	3000
2223	1216	3000
2224	1208	3000
2225	1200	3000
2226	1192	3000
2227	1184	3000
2228	1176	3000
2229	1168	3000
2230	1160	3000
2231	1152	3000
2232	1144	3000
2233	1136	3000
2234	1128	3000
2235	1120	3000
2236	1112	3000
2237	1104	3000
2238	1096	3000
2239	1088	3000
2240	1080	3000
2241	1072	3000
2242	1064	3000
2243	1056	3000
2244	1048	3000
2245	1040	3000
2246	1032	3000
2247	1024	3000
2248	1016	3000
2249	1008	3000
2250	1000	3000
2251	1000	3000
2252	1000	3000
2253	1000	3000
2254	1000	3000
2255	1000	3000
2256	1000	3000
2257	1000	3000
2258	1000	3000
2259	1000	3000
2260	1000	3000
2261	1000	3000
2262	1000	3000
2263	1000	3000
2264	1000	3000
2265	1000	3000
2266	1000	3000
2267	1000	3000
2268	1000	3000
2269	1000	3000
2270	1000	3000
2271	1000	3000
2272	1000	3000
2273	1000	3000
2274	1000	3000
2275	1000	3000
2276	1000	3000
2277	1000	3000
2278	1000	3000
2279	1000	3000
2280	1000	3000
2281	1000	3000
2282	1000	3000
2283	1000	3000
2284	1000	3000
2285	1000	3000
2286	1000	3000
2287	1000	3000
2288	1000	3000
2289	1000	3000
2290	1000	3000
2291	1000	3000
2292	1000	3000
2293	1000	3000
2294	1000	3000
2295	1000	3000
2296	1000	3000
2297	1000	3000
2298	1000	3000
2299	1000	3000
2300	1000	3000
2301	1000	3000
2302	1000	3000
2303	1000	3000
2304	1000	3000
2305	1000	3000
2306	1000	3000
2307	1000	3000
2308	1000	3000
2309	1000	3000
2310	1000	3000
2311	1000	3000
2312	1000	3000
2313	1000	3000
2314	1000	3000
2315	1000	3000
2316	1000	3000
2317	1000	3000
2318	1000	3000
2319	1000	3000
2320	1000	3000
2321	1000	3000
2322	1000	3000
2323	1000	3000
2324	1000	3000
2325	1000	3000
2326	1000	3000
2327	1000	3000
2328	1000	3000
2329	1000	3000
2330	1000	3000
2331	1000	3000
2332	1000	3000
2333	1000	3000
2334	1000	3000
2335	1000	3000
2336	1000	3000
2337	1000	3000
2338	1000	3000
2339	1000	3000
2340	1000	3000
2341	1000	3000
2342	1000	3000
2343	1000	3000
2344	1000	3000
2345	1000	3000
2346	1000	3000
2347	1000	3000
2348	1000	3000
2349	1000	3000
2350	1000	3000
2351	1000	3000
2352	1000	3000
2353	1000	3000
2354	1000	3000
2355	1000	3000
2356	1000	3000
2357	1000	3000
2358	1000	3000
2359	1000	3000
2360	1000	3000
2361	1000	3000
2362	1000	3000
2363	1000	3000
2364	1000	3000
2365	1000	3000
2366	1000	3000
2367	1000	3000
2368	1000	3000
2369	1000	3000
2370	1000	3000
2371	1000	3000
2372	1000	3000
2373	1000	3000
2374	1000	3000
2375	1000	3000
2376	1000	3000
2377	1000	3000
2378	1000	3000
2379	1000	3000
2380	1000	3000
2381	1000	3000
2382	1000	3000
2383	1000	3000
2384	1000	3000
2385	1000	3000
2386	1000	3000
2387	1000	3000
2388	1000	3000
2389	1000	3000
2390	1000	3000
2391	1000	3000
2392	1000	3000
2393	1000	3000
2394	1000	3000
2395	1000	3000
2396	1000	3000
2397	1000	3000
2398	1000	3000
2399	1000	3000
2400	1000	3000
2401	1000	3000
2402	1000	3000
2403	1000	3000
2404	1000	3000
2405	1000	3000
2406	1000	3000
2407	1000	3000
2408	1000	3000
2409	1000	3000
2410	1000	3000
2411	1000	3000
2412	1000	3000
2413	1000	3000
2414	1000	3000
2415	1000	3000
2416	1000	3000
2417	1000	3000
2418	1000	3000
2419	1000	3000
2420	1000	3000
2421	1000	3000
2422	1000	3000
2423	1000	3000
2424	1000	3000
2425	1000	3000
2426	1000	3000
2427	1000	3000
2428	1000	3000
2429	1000	3000
2430	1000	3000
2431	1000	3000
2432	1000	3000
2433	1000	3000
2434	1000	3000
2435	1000	3000
2436	1000	3000
2437	1000	3000
2438	1000	3000
2439	1000	3000
2440	1000	3000
2441	1000	3000
2442	1000	3000
2443	1000	3000
2444	1000	3000
2445	1000	3000
2446	1000	3000
2447	1000	3000
2448	1000	3000
2449	1000	3000
2450	1000	3000
2451	1000	3000
2452	1000	3000
2453	1000	3000
2454	1000	3000
2455	1000	3000
2456	1000	3000
2457	1000	3000
2458	1000	3000
2459	1000	3000
2460	1000	3000
2461	1000	3000
2462	1000	3000
2463	1000	3000
2464	1000	3000
2465	1000	3000
2466	1000	3000
2467	1000	3000
2468	1000	3000
2469	1000	3000
2470	1000	3000
2471	1000	3000
2472	1000	3000
2473	1000	3000
2474	1000	3000
2475	1000	3000
2476	1000	3000
2477	1000	3000
2478	1000	3000
2479	1000	3000
2480	1000	3000
2481	1000	3000
2482	1000	3000
2483	1000	3000
2484	1000	3000
2485	1000	3000
2486	1000	3000
2487	1000	3000
2488	1000	3000
2489	1000	3000
2490	1000	3000
2491	1000	3000
2492	1000	3000
2493	1000	3000
2494	1000	3000
2495	1000	3000
2496	1000	3000
2497	1000	3000
2498	1000	3000
2499	1000	3000
2500	1000	3000
2501	1000	3000
2502	1000	3000
2503	1000	3000
2504	1000	3000
2505	1000	3000
2506	1000	3000
2507	1000	3000
2508	1000	3000
2509	1000	3000
2510	1000	3000
2511	1000	3000
2512	1000	3000
2513	1000	3000
2514	1000	3000
2515	1000	3000
2516	1000	3000
2517	1000	3000
2518	1000	3000
2519	1000	3000
2520	1000	3000
2521	1000	3000
2522	1000	3000
2523	1000	3000
2524	1000	3000
2525	1000	3000
2526	1000	3000
2527	1000	3000
2528	1000	3000
2529	1000	3000
2530	1000	3000
2531	1000	3000
2532	1000	3000
2533	1000	3000
2534	1000	3000
2535	1000	3000
2536	1000	3000
2537	1000	3000
2538	1000	3000
2539	1000	3000
2540	1000	3000
2541	1000	3000
2542	1000	3000
2543	1000	3000
2544	1000	3000
2545	1000	3000
2546	1000	3000
2547	1000	3000
2548	1000	3000
2549	1000	3000
2550	1000	3000
2551	1000	3000
2552	1000	3000
2553	1000	3000
2554	1000	3000
2555	1000	3000
2556	1000	3000
2557	1000	3000
2558	1000	3000
2559	1000	3000
2560	1000	3000
2561	1000	3000
2562	1000	3000
2563	1000	3000
2564	1000	3000
2565	1000	3000
2566	1000	3000
2567	1000	3000
2568	1000	3000
2569	1000	3000
2570	1000	3000
2571	1000	3000
2572	1000	3000
2573	1000	3000
2574	1000	3000
2575	1000	3000
2576	1000	3000
2577	1000	3000
2578	1000	3000
2579	1000	3000
2580	1000	3000
2581	1000	3000
2582	1000	3000
2583	1000	3000
2584	1000	3000
2585	1000	3000
2586	1000	3000
2587	1000	3000
2588	1000	3000
2589	1000	3000
2590	1000	3000
2591	1000	3000
2592	1000	3000
2593	1000	3000
2594	1000	3000
2595	1000	3000
2596	1000	3000
2597	1000	3000
2598	1000	3000
2599	1000	3000
2600	1000	3000
2601	1000	3000
2602	1000	3000
2603	1000	3000
2604	1000	3000
2605	1000	3000
2606	1000	3000
2607	1000	3000
2608	1000	3000
2609	1000	3000
2610	1000	3000
2611	1000	3000
2612	1000	3000
2613	1000	3000
2614	1000	3000
2615	1000	3000
2616	1000	3000
2617	1000	3000
2618	1000	3000
2619	1000	3000
2620	1000	3000
2621	1000	3000
2622	1000	3000
2623	1000	3000
2624	1000	3000
2625	1000	3000
2626	1000	3000
2627	1000	3000
2628	1000	3000
2629	1000	3000
2630	1000	3000
2631	1000	3000
2632	1000	3000
2633	1000	3000
2634	1000	3000
2635	1000	3000
2636	1000	3000
2637	1000	3000
2638	1000	3000
2639	1000	3000
2640	1000	3000
2641	1000	3000
2642	1000	3000
2643	1000	3000
2644	1000	3000
2645	1000	3000
2646	1000	3000
2647	1000	3000
2648	1000	3000
2649	1000	3000
2650	1000	3000
2651	1000	3000
2652	1000	3000
2653	1000	3000
2654	1000	3000
2655	1000	3000
2656	1000	3000
2657	1000	3000
2658	1000	3000
2659	1000	3000
2660	1000	3000
2661	1000	3000
2662	1000	3000
2663	1000	3000
2664	1000	3000
2665	1000	3000
2666	1000	3000
2667	1000	3000
2668	1000	3000
2669	1000	3000
2670	1000	3000
2671	1000	3000
2672	1000	3000
2673	1000	3000
2674	1000	3000
2675	1000	3000
2676	1000	3000
2677	1000	3000
2678	1000	3000
2679	1000	3000
2680	1000	3000
2681	1000	3000
2682	1000	3000
2683	1000	3000
2684	1000	3000
2685	1000	3000
2686	1000	3000
2687	1000	3000
2688	1000	3000
2689	1000	3000
2690	1000	3000
2691	1000	3000
2692	1000	3000
2693	1000	3000
2694	1000	3000
2695	1000	3000
2696	1000	3000
2697	1000	3000
2698	1000	3000
2699	1000	3000
2700	1000	3000
2701	1000	3000
2702	1000	3000
2703	1000	3000
2704	1000	3000
2705	1000	3000
2706	1000	3000
2707	1000	3000
2708	1000	3000
2709	1000	3000
2710	1000	3000
2711	1000	3000
2712	1000	3000
2713	1000	3000
2714	1000	3000
2715	1000	3000
2716	1000	3000
2717	1000	3000
2718	1000	3000
2719	1000	3000
2720	1000	3000
2721	1000	3000
2722	1000	3000
2723	1000	3000
2724	1000	3000
2725	1000	3000
2726	1000	3000
2727	1000	3000
2728	1000	3000
2729	1000	3000
2730	1000	3000
2731	1000	3000
2732	1000	3000
2733	1000	3000
2734	1000	3000
2735	1000	3000
2736	1000	3000
2737	1000	3000
2738	1000	3000
2739	1000	3000
2740	1000	3000
2741	1000	3000
2742	1000	3000
2743	1000	3000
2744	1000	3000
2745	1000	3000
2746	1000	3000
2747	1000	3000
2748	1000	3000
2749	1000	3000
2750	1000	3000
2751	1000	2992
2752	1000	2984
2753	1000	2976
2754	1000	2968
2755	1000	2960
2756	1000	2952
2757	1000	2944
2758	1000	2936
2759	1000	2928
2760	1000	2920
2761	1000	2912
2762	1000	2904
2763	1000	2896
2764	1000	2888
2765	1000	2880
2766	1000	2872
2767	1000	2864
2768	1000	2856
2769	1000	2848
2770	1000	2840
2771	1000	2832
2772	1000	2824
2773	1000	2816
2774	1000	2808
2775	1000	2800
2776	1000	2792
2777	1000	2784
2778	1000	2776
2779	1000	2768
2780	1000	2760
2781	1000	2752
2782	1000	2744
2783	1000	2736
2784	1000	2728
2785	1000	2720
2786	1000	2712
2787	1000	2704
2788	1000	2696
2789	1000	2688
2790	1000	2680
2791	1000	2672
2792	1000	2664
2793	1000	2656
2794	1000	2648
2795	1000	2640
2796	1000	2632
2797	1000	2624
2798	1000	2616
2799	1000	2608
2800	1000	2600
2801	1000	2592
2802	1000	2584
2803	1000	2576
2804	1000	2568
2805	1000	2560
2806	1000	2552
2807	1000	2544
2808	1000	2536
2809	1000	2528
2810	1000	2520
2811	1000	2512
2812	1000	2504
2813	1000	2496
2814	1000	2488
2815	1000	2480
2816	1000	2472
2817	1000	2464
2818	1000	2456
2819	1000	2448
2820	1000	2440
2821	1000	2432
2822	1000	2424
2823	1000	2416
2824	1000	2408
2825	1000	2400
2826	1000	2392
2827	1000	2384
2828	1000	2376
2829	1000	2368
2830	1000	2360
2831	1000	2352
2832	1000	2344
2833	1000	2336
2834	1000	2328
2835	1000	2320
2836	1000	2312
2837	1000	2304
2838	1000	2296
2839	1000	2288
2840	1000	2280
2841	1000	2272
2842	1000	2264
2843	1000	2256
2844	1000	2248
2845	1000	2240
2846	1000	2232
2847	1000	2224
2848	1000	2216
2849	1000	2208
2850	1000	2200
2851	1000	2192
2852	1000	2184
2853	1000	2176
2854	1000	2168
2855	1000	2160
2856	1000	2152
2857	1000	2144
2858	1000	2136
2859	1000	2128
2860	1000	2120
2861	1000	2112
2862	1000	2104
2863	1000	2096
2864	1000	2088
2865	1000	2080
2866	1000	2072
2867	1000	2064
2868	1000	2056
2869	1000	2048
2870	1000	2040
2871	1000	2032
2872	1000	2024
2873	1000	2016
2874	1000	2008
2875	1000	2000
2876	1000	1992
2877	1000	1984
2878	1000	1976
2879	1000	1968
2880	1000	1960
2881	1000	1952
2882	1000	1944
2883	1000	1936
2884	1000	1928
2885	1000	1920
2886	1000	1912
2887	1000	1904
2888	1000	1896
2889	1000	1888
2890	1000	1880
2891	1000	1872
2892	1000	1864
2893	1000	1856
2894	1000	1848
2895	1000	1840
2896	1000	1832
2897	1000	1824
2898	1000	1816
2899	1000	1808
2900	1000	1800
2901	1000	1792
2902	1000	1784
2903	1000	1776
2904	1000	1768
2905	1000	1760
2906	1000	1752
2907	1000	1744
2908	1000	1736
2909	1000	1728
2910	1000	1720
2911	1000	1712
2912	1000	1704
2913	1000	1696
2914	1000	1688
2915	1000	1680
2916	1000	1672
2917	1000	1664
2918	1000	1656
2919	1000	1648
2920	1000	1640
2921	1000	1632
2922	1000	1624
2923	1000	1616
2924	1000	1608
2925	1000	1600
2926	1000	1592
2927	1000	1584
2928	1000	1576
2929	1000	1568
2930	1000	1560
2931	1000	1552
2932	1000	1544
2933	1000	1536
2934	1000	1528
2935	1000	1520
2936	1000	1512
2937	1000	1504
2938	1000	1496
2939	1000	1488
2940	1000	1480
2941	1000	1472
2942	1000	1464
2943	1000	1456
2944	1000	1448
2945	1000	1440
2946	1000	1432
2947	1000	1424
2948	1000	1416
2949	1000	1408
2950	1000	1400
2951	1000	1392
2952	1000	1384
2953	1000	1376
2954	1000	1368
2955	1000	1360
2956	1000	1352
2957	1000	1344
2958	1000	1336
2959	1000	1328
2960	1000	1320
2961	1000	1312
2962	1000	1304
2963	1000	1296
2964	1000	1288
2965	1000	1280
2966	1000	1272
2967	1000	1264
2968	1000	1256
2969	1000	1248
2970	1000	1240
2971	1000	1232
2972	1000	1224
2973	1000	1216
2974	1000	1208
2975	1000	1200
2976	1000	1192
2977	1000	1184
2978	1000	1176
2979	1000	1168
2980	1000	1160
2981	1000	1152
2982	1000	1144
2983	1000	1136
2984	1000	1128
2985	1000	1120
2986	1000	1112
2987	1000	1104
2988	1000	1096
2989	1000	1088
2990	1000	1080
2991	1000	1072
2992	1000	1064
2993	1000	1056
2994	1000	1048
2995	1000	1040
2996	1000	1032
2997	1000	1024
2998	1000	1016
2999	1000	1008
