0.000000	0.388330	0.388330	0.002569	0.213162	0.210593
0.010058	0.434802	0.424744	0.056234	0.153030	0.096796
0.005014	0.485017	0.490031	0.000000	0.192739	0.192739
0.028045	0.492993	0.521038	0.002490	0.190720	0.188229
0.000000	0.421815	0.421815	0.000000	0.192960	0.192960
0.000000	0.458784	0.458784	0.005253	0.194758	0.200011
0.002505	0.492710	0.495215	0.005194	0.205436	0.210630
0.005016	0.489309	0.484293	0.000000	0.170971	0.170971
0.054681	0.433665	0.453375	0.000000	0.210574	0.210574
0.005021	0.330484	0.325464	0.008055	0.219579	0.227634
0.143641	0.501885	0.515636	0.099992	0.369638	0.269646
0.153129	0.486417	0.483263	0.145193	0.423794	0.383198
0.141852	0.485963	0.416019	0.078141	0.426448	0.348307
0.157301	0.559530	0.565790	0.311520	0.386016	0.391659
0.190156	0.546135	0.565277	0.215668	0.558964	0.475968
0.122682	0.547980	0.582750	0.160866	0.395747	0.342487
0.062306	0.578586	0.548824	0.229918	0.337571	0.413128
0.062306	0.578586	0.548824	0.229918	0.337571	0.413128
0.105936	0.508808	0.495715	0.107999	0.324748	0.288358
0.105936	0.508808	0.495715	0.107999	0.324748	0.288358
