1	0.067209	0.502046	0.461659	0.079234	0.062609	0.141843	1	0	1	1
1	0.174925	0.562573	0.580742	0.121411	0.084389	0.151846	1	0	1	1
2	0.158465	0.553766	0.595433	0.034562	0.131354	0.111983	0	1	1	1
3	0.242876	0.522844	0.463538	0.036444	0.171409	0.170735	1	0	1	0
4	0.170102	0.499713	0.515208	0.038679	0.116895	0.155574	1	0	0	1
1	0.170102	0.499713	0.515208	0.038679	0.116895	0.155574	1	0	0	1
1	0.170102	0.499713	0.515208	0.038679	0.116895	0.155574	1	0	0	1
1	0.170102	0.499713	0.515208	0.038679	0.116895	0.155574	1	0	0	1
1	0.170102	0.499713	0.515208	0.038679	0.116895	0.155574	1	0	0	1
1	0.170102	0.499713	0.515208	0.038679	0.116895	0.155574	1	0	0	1
1	0.170102	0.499713	0.515208	0.038679	0.116895	0.155574	1	0	0	1
cd	0.170102	0.499713	0.515208	0.038679	0.116895	0.155574	1	0	0	1
1	0.170102	0.499713	0.515208	0.038679	0.116895	0.155574	1	0	0	1
1	0.170102	0.499713	0.515208	0.038679	0.116895	0.155574	1	0	0	1
1	0.170102	0.499713	0.515208	0.038679	0.116895	0.155574	1	0	0	1
1	0.170102	0.499713	0.515208	0.038679	0.116895	0.155574	1	0	0	1
1	0.170102	0.499713	0.515208	0.038679	0.116895	0.155574	1	0	0	1
1	0.170102	0.499713	0.515208	0.038679	0.116895	0.155574	1	0	0	1
1	0.123175	0.600847	0.561933	0.102983	0.155260	0.148365	1	0	1	0
2	0.551106	0.568678	0.493833	0.123888	0.172622	0.058056	0	1	1	1
3	0.088933	0.552606	0.590027	0.036588	0.124461	0.098886	0	1	1	1
4	0.081008	0.554187	0.507157	0.026251	0.155837	0.129586	1	0	1	1
5	0.139144	0.477868	0.449545	0.026196	0.133697	0.159892	1	0	1	1
6	0.162911	0.471123	0.531505	0.136132	0.102819	0.156549	0	1	1	1
7	0.582265	0.580297	0.514567	0.155602	0.133046	0.129081	1	0	1	1
8	0.125175	0.544906	0.533689	0.162806	0.152253	0.134127	1	0	1	0
9	0.253300	0.555962	0.496997	0.052261	0.144071	0.091810	1	0	1	1
10	0.109630	0.554484	0.475483	0.154909	0.119558	0.144138	1	1	1	1
1	0.564445	0.531970	0.611150	0.068166	0.126160	0.162577	1	0	1	1
2	0.208657	0.532609	0.511647	0.074878	0.135945	0.127846	1	0	1	1
3	0.163774	0.502245	0.523642	0.028655	0.137180	0.108525	0	1	1	1
4	0.052132	0.516304	0.568436	0.044439	0.171623	0.127184	0	1	1	1
5	0.105591	0.535489	0.560795	0.169700	0.123425	0.188385	0	1	1	1
1	0.174927	0.533777	0.555450	0.028383	0.146732	0.118348	0	1	1	1
2	0.183926	0.533878	0.581830	0.034583	0.185810	0.151227	0	1	1	0
3	0.168658	0.587907	0.623690	0.047519	0.113077	0.152011	1	0	1	1
4	0.166856	0.543186	0.551519	0.183901	0.158824	0.123377	1	0	1	1
5	0.093527	0.529594	0.549885	0.153703	0.138701	0.120717	1	0	1	1
1	0.126471	0.471268	0.546321	0.040973	0.132378	0.173351	0	1	1	1
2	0.062579	0.562060	0.499481	0.044733	0.128657	0.173390	1	1	1	1
3	0.521062	0.533726	0.487640	0.157102	0.177489	0.127642	0	1	1	1
4	0.613774	0.532593	0.591276	0.061022	0.154908	0.093886	0	1	1	1
5	0.135209	0.572290	0.495721	0.036612	0.114475	0.151087	1	0	1	1
1	0.574976	0.571689	0.547815	0.057298	0.159472	0.102174	1	0	1	1
2	0.623267	0.564823	0.545396	0.094743	0.149067	0.054323	1	0	1	1
3	0.081389	0.615185	0.533796	0.096185	0.133678	0.089283	1	0	1	1
4	0.521860	0.514904	0.490544	0.125396	0.123746	0.171414	1	0	1	1
5	0.615551	0.657188	0.514615	0.155603	0.161285	0.111147	1	0	1	1
