1	0.067209	0.502046	0.461659	0.079234	0.062609	0.141843	1	0	1	1
1	0.174925	0.562573	0.580742	0.121411	0.084389	0.151846	1	0	1	1
2	0.158465	0.553766	0.595433	0.034562	0.131354	0.111983	0	1	1	1
3	0.242876	0.522844	0.463538	0.036444	0.171409	0.170735	1	0	1	0
4	0.170102	0.499713	0.515208	0.038679	0.116895	0.155574	1	0	0	1
1	0.170102	0.499713	0.515208	0.038679	0.116895	0.155574	1	0	0	1
1	0.170102	0.499713	0.515208	0.038679	0.116895	0.155574	1	0	0	1
1	0.170102	0.499713	0.515208	0.038679	0.116895	0.155574	1	0	0	1
1	0.170102	0.499713	0.515208	0.038679	0.116895	0.155574	1	0	0	1
1	0.170102	0.499713	0.515208	0.038679	0.116895	0.155574	1	0	0	1
1	0.170102	0.499713	0.515208	0.038679	0.116895	0.155574	1	0	0	1
cd	0.170102	0.499713	0.515208	0.038679	0.116895	0.155574	1	0	0	1
1	0.170102	0.499713	0.515208	0.038679	0.116895	0.155574	1	0	0	1
1	0.170102	0.499713	0.515208	0.038679	0.116895	0.155574	1	0	0	1
1	0.170102	0.499713	0.515208	0.038679	0.116895	0.155574	1	0	0	1
1	0.170102	0.499713	0.515208	0.038679	0.116895	0.155574	1	0	0	1
1	0.170102	0.499713	0.515208	0.038679	0.116895	0.155574	1	0	0	1
1	0.170102	0.499713	0.515208	0.038679	0.116895	0.155574	1	0	0	1
1	0.123175	0.600847	0.561933	0.102983	0.155260	0.148365	1	0	1	0
2	0.551106	0.568678	0.493833	0.123888	0.172622	0.058056	0	1	1	1
3	0.088933	0.552606	0.590027	0.036588	0.124461	0.098886	0	1	1	1
4	0.081008	0.554187	0.507157	0.026251	0.155837	0.129586	1	0	1	1
5	0.139144	0.477868	0.449545	0.026196	0.133697	0.159892	1	0	1	1
6	0.162911	0.471123	0.531505	0.136132	0.102819	0.156549	0	1	1	1
7	0.582265	0.580297	0.514567	0.155602	0.133046	0.129081	1	0	1	1
8	0.125175	0.544906	0.533689	0.162806	0.152253	0.134127	1	0	1	0
9	0.253300	0.555962	0.496997	0.052261	0.144071	0.091810	1	0	1	1
10	0.109630	0.554484	0.475483	0.154909	0.119558	0.144138	1	1	1	1
1	0.564445	0.531970	0.611150	0.068166	0.126160	0.162577	1	0	1	1
2	0.208657	0.532609	0.511647	0.074878	0.135945	0.127846	1	0	1	1
3	0.163774	0.502245	0.523642	0.028655	0.137180	0.108525	0	1	1	1
4	0.052132	0.516304	0.568436	0.044439	0.171623	0.127184	0	1	1	1
5	0.105591	0.535489	0.560795	0.169700	0.123425	0.188385	0	1	1	1
1	0.174927	0.533777	0.555450	0.028383	0.146732	0.118348	0	1	1	1
2	0.183926	0.533878	0.581830	0.034583	0.185810	0.151227	0	1	1	0
3	0.168658	0.587907	0.623690	0.047519	0.113077	0.152011	1	0	1	1
4	0.166856	0.543186	0.551519	0.183901	0.158824	0.123377	1	0	1	1
5	0.093527	0.529594	0.549885	0.153703	0.138701	0.120717	1	0	1	1
1	0.126471	0.471268	0.546321	0.040973	0.132378	0.173351	0	1	1	1
2	0.062579	0.562060	0.499481	0.044733	0.128657	0.173390	1	1	1	1
3	0.521062	0.533726	0.487640	0.157102	0.177489	0.127642	0	1	1	1
4	0.613774	0.532593	0.591276	0.061022	0.154908	0.093886	0	1	1	1
5	0.135209	0.572290	0.495721	0.036612	0.114475	0.151087	1	0	1	1
1	0.574976	0.571689	0.547815	0.057298	0.159472	0.102174	1	0	1	1
2	0.623267	0.564823	0.545396	0.094743	0.149067	0.054323	1	0	1	1
3	0.081389	0.615185	0.533796	0.096185	0.133678	0.089283	1	0	1	1
4	0.521860	0.514904	0.490544	0.125396	0.123746	0.171414	1	0	1	1
5	0.615551	0.657188	0.514615	0.155603	0.161285	0.111147	1	0	1	1
1	0.337530	0.518582	0.492484	0.136512	0.153679	0.117981	1	0	1	1
2	0.327638	0.543191	0.566877	0.057093	0.187901	0.130809	1	0	1	1
3	0.623254	0.575456	0.510059	0.030399	0.172257	0.141859	1	0	1	1
4	0.162482	0.501541	0.448803	0.026470	0.138052	0.111582	1	0	1	1
5	0.588817	0.518961	0.446427	0.044921	0.130389	0.175310	1	0	1	1
1	0.014447	0.523665	0.509219	0.059167	0.178782	0.119615	1	1	1	1
2	0.020500	0.498309	0.518809	0.065925	0.162096	0.096170	1	1	1	1
3	0.037218	0.451399	0.488617	0.014057	0.171579	0.157522	1	1	1	1
4	0.031327	0.516241	0.547568	0.031269	0.095768	0.127036	1	1	1	1
5	0.116448	0.598329	0.587547	0.019280	0.149772	0.130491	1	1	1	1
1	0.591117	0.538363	0.538027	0.142549	0.112702	0.163777	0	1	0	1
2	0.598730	0.558811	0.491459	0.151875	0.138413	0.185972	1	0	0	1
3	0.595582	0.492438	0.556911	0.186648	0.192861	0.143297	1	0	1	0
4	0.530995	0.491618	0.402595	0.203425	0.104756	0.216270	1	0	0	1
5	0.615043	0.562146	0.471808	0.128371	0.113463	0.166920	1	0	0	1
1	0.473094	0.498174	0.472327	0.150529	0.098483	0.174445	1	0	0	1
2	0.558283	0.551091	0.459090	0.133964	0.162359	0.098368	1	0	1	0
3	0.542518	0.504503	0.481119	0.136614	0.170796	0.119020	1	0	1	0
4	0.485680	0.516747	0.520659	0.142899	0.111445	0.138843	0	1	0	1
5	0.572634	0.525891	0.560483	0.144708	0.135637	0.151874	1	0	0	1
1	0.598436	0.589890	0.609366	0.145643	0.147971	0.115301	1	0	1	0
2	0.618636	0.522006	0.492397	0.162179	0.142000	0.119131	1	0	1	0
3	0.571911	0.552625	0.538071	0.169176	0.130565	0.131742	0	1	1	0
4	0.518641	0.502770	0.483904	0.152967	0.175722	0.117010	1	0	1	0
5	0.587803	0.536707	0.506320	0.171073	0.136564	0.116055	1	0	1	0
1	0.535042	0.546399	0.491330	0.173664	0.158684	0.118249	1	0	1	0
2	0.528738	0.566240	0.509825	0.142673	0.118368	0.168993	1	0	0	1
3	0.558204	0.560024	0.482852	0.124337	0.131177	0.162489	1	0	0	1
4	0.553702	0.601873	0.498862	0.116217	0.096416	0.121453	1	0	0	1
5	0.560399	0.460159	0.522708	0.146201	0.096857	0.166514	0	1	0	1
1	0.621450	0.583095	0.564666	0.169667	0.126046	0.154345	1	0	0	1
2	0.607512	0.553439	0.535705	0.137241	0.143729	0.098116	1	0	1	0
3	0.558391	0.528623	0.497226	0.146835	0.106263	0.135368	1	0	0	1
4	0.546984	0.464175	0.512411	0.151260	0.158835	0.095307	1	0	1	0
5	0.496432	0.447768	0.495666	0.123153	0.087479	0.122733	0	1	0	1
1	0.591340	0.523260	0.462873	0.148361	0.164792	0.094193	1	0	1	0
2	0.510253	0.529218	0.406421	0.132448	0.150019	0.095463	1	0	1	0
3	0.462285	0.388350	0.529212	0.134897	0.139946	0.103966	0	1	1	0
4	0.553696	0.534310	0.452056	0.161258	0.154104	0.142309	1	0	1	0
5	0.581663	0.615363	0.512160	0.173575	0.120066	0.157215	1	0	1	0
1	0.620262	0.604267	0.558755	0.187270	0.162314	0.145417	1	0	1	0
2	0.525907	0.486632	0.525826	0.137044	0.123716	0.147537	0	1	0	1
3	0.472720	0.352455	0.538793	0.169213	0.130020	0.135822	0	1	1	0
4	0.599378	0.505108	0.541117	0.160808	0.164004	0.136942	1	0	1	0
5	0.610190	0.557581	0.523238	0.124866	0.097018	0.147552	1	0	0	1
1	0.121668	0.494649	0.616317	0.014059	0.156713	0.170772	1	1	1	1
2	0.549402	0.571266	0.500092	0.126759	0.172180	0.111087	1	0	1	1
3	0.473687	0.641376	0.578523	0.017692	0.144775	0.127084	1	0	1	1
4	0.615971	0.527545	0.503144	0.153016	0.160496	0.104519	1	0	1	1
5	0.656915	0.630505	0.527254	0.153771	0.185790	0.132779	1	0	1	1
1	0.648072	0.469374	0.522232	0.171519	0.171457	0.118472	1	0	1	0
2	0.573076	0.572799	0.534511	0.127476	0.101724	0.171404	1	0	0	1
3	0.544612	0.495956	0.432393	0.172213	0.172224	0.124354	1	0	1	0
4	0.610515	0.587413	0.574552	0.132578	0.083572	0.146435	1	0	0	1
5	0.522446	0.441518	0.563785	0.165474	0.155796	0.113729	0	1	1	0
1	0.641410	0.509891	0.555202	0.083637	0.051032	0.134468	1	0	1	1
2	0.163696	0.567417	0.509202	0.102285	0.172928	0.070643	1	0	1	1
3	0.627808	0.598857	0.484113	0.057244	0.158232	0.156250	1	0	1	0
4	0.523933	0.481463	0.488010	0.020388	0.139967	0.160356	1	0	1	1
5	0.620641	0.583671	0.496962	0.020116	0.162434	0.182550	1	0	1	1
1	0.094187	0.663902	0.569715	0.160310	0.185400	0.150015	1	1	1	1
2	0.200587	0.581526	0.550086	0.128111	0.177895	0.121921	1	0	1	1
3	0.058299	0.450336	0.508636	0.073923	0.137104	0.132466	1	1	1	0
4	0.329297	0.564553	0.443981	0.030758	0.155803	0.125046	1	0	1	1
5	0.490349	0.557696	0.428899	0.101887	0.160216	0.058329	1	1	1	1
1	0.563360	0.505517	0.484540	0.125822	0.108005	0.166464	1	0	0	1
2	0.580231	0.541280	0.439033	0.159817	0.105540	0.169881	1	0	0	1
3	0.656865	0.525832	0.594770	0.103878	0.156225	0.076823	1	0	1	0
4	0.511512	0.518907	0.454617	0.165282	0.082356	0.162108	1	0	0	1
5	0.642699	0.560259	0.481403	0.194061	0.165400	0.152194	1	0	1	0
1	0.185837	0.573934	0.580859	0.045046	0.137033	0.157606	1	0	1	1
2	0.096034	0.555741	0.512579	0.096676	0.162527	0.073054	1	0	1	1
3	0.556163	0.594894	0.489347	0.031928	0.103997	0.135925	1	0	1	1
4	0.242524	0.527731	0.473703	0.113924	0.137602	0.092827	1	0	1	1
5	0.166659	0.541310	0.503441	0.022499	0.131839	0.154338	1	0	1	1
1	0.537763	0.515985	0.537356	0.139719	0.188133	0.109930	1	0	1	1
2	0.220825	0.573363	0.528610	0.054694	0.066996	0.121690	1	0	1	1
3	0.096429	0.568863	0.517318	0.161348	0.163845	0.137803	1	0	1	0
4	0.192937	0.541580	0.534430	0.057665	0.157191	0.133244	1	0	1	1
5	0.595777	0.576216	0.585033	0.173256	0.159453	0.128687	1	0	1	1
1	0.607396	0.512427	0.543128	0.142309	0.161081	0.125746	0	1	1	0
2	0.629424	0.592096	0.624507	0.177366	0.139036	0.166392	1	0	0	1
3	0.549192	0.525453	0.581277	0.140341	0.183049	0.094969	1	0	1	0
4	0.529381	0.597544	0.399291	0.160609	0.119036	0.186540	1	0	0	1
5	0.625311	0.538986	0.485374	0.155759	0.106820	0.173675	1	0	0	1
1	0.157322	0.554945	0.534937	0.157994	0.142434	0.108667	1	0	1	0
2	0.269206	0.494019	0.562902	0.084923	0.143697	0.111664	0	1	1	1
3	0.135622	0.551786	0.494126	0.146589	0.127384	0.149156	1	0	1	1
4	0.419701	0.559584	0.609173	0.055255	0.148654	0.093399	1	0	1	1
5	0.290332	0.646580	0.533155	0.136306	0.169838	0.125885	1	0	1	1
1	0.524492	0.570639	0.478873	0.198969	0.191654	0.155430	1	0	1	0
2	0.595781	0.588488	0.544190	0.199875	0.133655	0.139335	1	0	1	0
3	0.502240	0.447706	0.529063	0.150213	0.147382	0.108360	0	1	1	0
4	0.537903	0.526049	0.437508	0.158376	0.122140	0.147132	1	0	0	1
5	0.578395	0.501566	0.543850	0.177912	0.141991	0.146387	1	0	1	0
1	0.552853	0.551230	0.484979	0.133713	0.103210	0.146609	1	0	0	1
2	0.518143	0.489182	0.574569	0.158205	0.118421	0.144133	0	1	0	1
3	0.640689	0.537080	0.602626	0.183320	0.195387	0.163262	0	1	1	0
4	0.546072	0.500464	0.521142	0.121261	0.101196	0.141251	0	1	0	1
5	0.556184	0.544226	0.560598	0.120879	0.050235	0.165209	0	1	0	1
1	0.543377	0.509777	0.533623	0.177155	0.127921	0.128607	0	1	0	1
2	0.589146	0.604685	0.565593	0.160806	0.100365	0.133704	1	0	0	1
3	0.465780	0.545374	0.555130	0.157106	0.123074	0.117082	1	0	0	1
4	0.455540	0.531139	0.571533	0.156670	0.152021	0.105036	0	1	1	0
5	0.490221	0.573087	0.542796	0.154652	0.163925	0.161679	0	1	1	0
1	0.465571	0.523569	0.639555	0.177931	0.171278	0.132925	0	1	1	0
2	0.513351	0.510491	0.535989	0.145752	0.142377	0.150179	0	1	0	1
3	0.467558	0.586847	0.534055	0.140328	0.098480	0.118101	1	0	0	1
4	0.436780	0.490398	0.551923	0.096863	0.128420	0.167218	0	1	0	1
5	0.598635	0.523509	0.518088	0.091700	0.127742	0.112431	0	1	1	0
1	0.047545	0.590968	0.543422	0.004111	0.182213	0.186324	1	1	1	1
2	0.007324	0.547898	0.540574	0.008061	0.123791	0.115730	1	1	1	1
3	0.000000	0.562005	0.562005	0.000000	0.170241	0.170241	1	1	1	1
4	0.127448	0.611653	0.484206	0.000000	0.158589	0.158589	1	1	1	1
5	0.021721	0.503705	0.481985	0.000000	0.167275	0.167275	1	1	1	1
1	0.619014	0.602478	0.566981	0.147404	0.098536	0.148610	1	0	0	1
2	0.537512	0.579492	0.520634	0.165559	0.135754	0.129227	1	0	1	0
3	0.524880	0.449058	0.545204	0.160819	0.114987	0.141545	0	1	0	1
4	0.648664	0.483223	0.652361	0.159751	0.139936	0.111265	0	1	1	0
5	0.645555	0.570881	0.561365	0.156556	0.163297	0.121592	0	1	1	0
1	0.052523	0.459265	0.511788	0.000000	0.148754	0.148754	1	1	1	1
2	0.008115	0.563553	0.555438	0.000000	0.151198	0.151198	1	1	1	1
3	0.000000	0.515446	0.515446	0.000000	0.167627	0.167627	1	1	1	1
4	0.000000	0.503308	0.503308	0.031749	0.101951	0.133700	1	1	1	1
5	0.000000	0.502504	0.502504	0.034579	0.170871	0.136292	1	1	1	1
1	0.259512	0.609569	0.507330	0.170024	0.129630	0.149822	1	0	0	1
2	0.289292	0.574119	0.610966	0.166493	0.147326	0.140331	1	0	1	0
3	0.554854	0.489436	0.492307	0.087662	0.179525	0.151390	1	0	1	0
4	0.576865	0.580620	0.571841	0.095573	0.139256	0.118034	1	0	1	0
5	0.610067	0.512276	0.550087	0.038478	0.138037	0.107324	0	1	1	0
1	0.235944	0.526225	0.579229	0.071829	0.116511	0.139936	0	1	0	1
2	0.263610	0.484920	0.532140	0.070272	0.177412	0.140111	0	1	1	0
3	0.541201	0.467900	0.509609	0.166896	0.170756	0.131105	0	1	1	0
4	0.567797	0.639984	0.547294	0.125636	0.156795	0.211646	1	0	0	1
5	0.251321	0.481598	0.535801	0.155172	0.162869	0.129522	0	1	1	0
1	0.214156	0.507487	0.404802	0.037547	0.165087	0.127540	1	0	1	1
2	0.515402	0.433149	0.583415	0.137237	0.098744	0.161031	0	1	0	1
3	0.591606	0.477171	0.488982	0.146359	0.129434	0.155230	0	1	0	1
4	0.271424	0.615805	0.500865	0.052202	0.110925	0.163127	1	0	1	1
5	0.231370	0.522683	0.501303	0.158252	0.123084	0.168038	0	1	0	1
1	0.623463	0.604283	0.545177	0.157500	0.136108	0.154811	1	0	0	1
2	0.476738	0.514889	0.399904	0.145757	0.116462	0.165926	1	0	0	1
3	0.473993	0.437778	0.531142	0.196904	0.135506	0.163773	0	1	0	1
4	0.248254	0.522016	0.594258	0.091055	0.087288	0.178343	0	1	1	1
5	0.350283	0.503295	0.580269	0.053406	0.183424	0.130018	0	1	1	1
1	0.541975	0.479801	0.594120	0.127209	0.109751	0.145278	0	1	0	1
2	0.612372	0.565341	0.552808	0.128470	0.081874	0.149924	0	1	1	1
3	0.546429	0.451174	0.542638	0.182181	0.116075	0.157318	0	1	0	1
4	0.550371	0.484484	0.506025	0.128292	0.104423	0.181130	0	1	1	1
5	0.513329	0.528173	0.610628	0.183976	0.163748	0.155196	0	1	0	1
1	0.595832	0.497792	0.554962	0.133185	0.094650	0.158913	0	1	1	1
2	0.240263	0.530708	0.564567	0.141901	0.091057	0.180166	0	1	1	1
3	0.239199	0.431196	0.519092	0.162522	0.136031	0.145640	0	1	0	1
4	0.374120	0.503128	0.563932	0.082771	0.184008	0.101237	0	1	1	1
5	0.526178	0.425845	0.618506	0.044720	0.134395	0.166980	0	1	0	1
1	0.500558	0.511146	0.602271	0.174789	0.126633	0.180481	0	1	0	1
2	0.515981	0.510840	0.563385	0.057230	0.175708	0.118479	0	1	1	1
3	0.693022	0.499069	0.630182	0.080189	0.115751	0.165854	0	1	0	1
4	0.573661	0.582440	0.574127	0.155007	0.108618	0.180660	0	1	0	1
5	0.318010	0.541133	0.561974	0.161640	0.126696	0.150639	0	1	0	1
1	0.614481	0.515231	0.540935	0.066678	0.145101	0.174975	0	1	0	1
2	0.439652	0.491037	0.476347	0.082827	0.102033	0.123551	0	1	0	1
3	0.544048	0.437759	0.495673	0.061048	0.148005	0.086957	0	1	1	1
4	0.219217	0.492769	0.516036	0.073731	0.131222	0.152876	0	1	1	1
5	0.496931	0.483652	0.484981	0.154173	0.111966	0.144791	0	1	0	1
1	0.206150	0.476261	0.540742	0.142917	0.082907	0.144968	0	1	1	1
2	0.303308	0.581853	0.565836	0.143396	0.103141	0.146206	0	1	0	1
3	0.531501	0.444666	0.499502	0.159901	0.119360	0.157091	0	1	0	1
4	0.233078	0.481728	0.581980	0.103813	0.136883	0.157412	0	1	0	1
5	0.557861	0.456413	0.558620	0.125968	0.157408	0.097938	0	1	1	1
1	0.206291	0.567982	0.598349	0.127366	0.156326	0.079736	0	1	1	0
2	0.248894	0.567180	0.591603	0.104677	0.162636	0.057959	0	1	1	1
3	0.555707	0.464021	0.545948	0.081496	0.170838	0.089342	0	1	1	1
4	0.586911	0.606961	0.609661	0.097344	0.168819	0.071475	0	1	1	1
5	0.265556	0.508442	0.554357	0.168468	0.144160	0.143090	0	1	0	1
