0	1000	3000
1	1001	3000
2	1002	3000
3	1003	3000
4	1004	3000
5	1005	3000
6	1006	3000
7	1007	3000
8	1008	3000
9	1009	3000
10	1010	3000
11	1011	3000
12	1012	3000
13	1013	3000
14	1014	3000
15	1015	3000
16	1016	3000
17	1017	3000
18	1018	3000
19	1019	3000
20	1020	3000
21	1021	3000
22	1022	3000
23	1023	3000
24	1024	3000
25	1025	3000
26	1026	3000
27	1027	3000
28	1028	3000
29	1029	3000
30	1030	3000
31	1031	3000
32	1032	3000
33	1033	3000
34	1034	3000
35	1035	3000
36	1036	3000
37	1037	3000
38	1038	3000
39	1039	3000
40	1040	3000
41	1041	3000
42	1042	3000
43	1043	3000
44	1044	3000
45	1045	3000
46	1046	3000
47	1047	3000
48	1048	3000
49	1049	3000
50	1050	3000
51	1051	3000
52	1052	3000
53	1053	3000
54	1054	3000
55	1055	3000
56	1056	3000
57	1057	3000
58	1058	3000
59	1059	3000
60	1060	3000
61	1061	3000
62	1062	3000
63	1063	3000
64	1064	3000
65	1065	3000
66	1066	3000
67	1067	3000
68	1068	3000
69	1069	3000
70	1070	3000
71	1071	3000
72	1072	3000
73	1073	3000
74	1074	3000
75	1075	3000
76	1076	3000
77	1077	3000
78	1078	3000
79	1079	3000
80	1080	3000
81	1081	3000
82	1082	3000
83	1083	3000
84	1084	3000
85	1085	3000
86	1086	3000
87	1087	3000
88	1088	3000
89	1089	3000
90	1090	3000
91	1091	3000
92	1092	3000
93	1093	3000
94	1094	3000
95	1095	3000
96	1096	3000
97	1097	3000
98	1098	3000
99	1099	3000
100	1100	3000
101	1101	3000
102	1102	3000
103	1103	3000
104	1104	3000
105	1105	3000
106	1106	3000
107	1107	3000
108	1108	3000
109	1109	3000
110	1110	3000
111	1111	3000
112	1112	3000
113	1113	3000
114	1114	3000
115	1115	3000
116	1116	3000
117	1117	3000
118	1118	3000
119	1119	3000
120	1120	3000
121	1121	3000
122	1122	3000
123	1123	3000
124	1124	3000
125	1125	3000
126	1126	3000
127	1127	3000
128	1128	3000
129	1129	3000
130	1130	3000
131	1131	3000
132	1132	3000
133	1133	3000
134	1134	3000
135	1135	3000
136	1136	3000
137	1137	3000
138	1138	3000
139	1139	3000
140	1140	3000
141	1141	3000
142	1142	3000
143	1143	3000
144	1144	3000
145	1145	3000
146	1146	3000
147	1147	3000
148	1148	3000
149	1149	3000
150	1150	3000
151	1151	3000
152	1152	3000
153	1153	3000
154	1154	3000
155	1155	3000
156	1156	3000
157	1157	3000
158	1158	3000
159	1159	3000
160	1160	3000
161	1161	3000
162	1162	3000
163	1163	3000
164	1164	3000
165	1165	3000
166	1166	3000
167	1167	3000
168	1168	3000
169	1169	3000
170	1170	3000
171	1171	3000
172	1172	3000
173	1173	3000
174	1174	3000
175	1175	3000
176	1176	3000
177	1177	3000
178	1178	3000
179	1179	3000
180	1180	3000
181	1181	3000
182	1182	3000
183	1183	3000
184	1184	3000
185	1185	3000
186	1186	3000
187	1187	3000
188	1188	3000
189	1189	3000
190	1190	3000
191	1191	3000
192	1192	3000
193	1193	3000
194	1194	3000
195	1195	3000
196	1196	3000
197	1197	3000
198	1198	3000
199	1199	3000
200	1200	3000
201	1201	3000
202	1202	3000
203	1203	3000
204	1204	3000
205	1205	3000
206	1206	3000
207	1207	3000
208	1208	3000
209	1209	3000
210	1210	3000
211	1211	3000
212	1212	3000
213	1213	3000
214	1214	3000
215	1215	3000
216	1216	3000
217	1217	3000
218	1218	3000
219	1219	3000
220	1220	3000
221	1221	3000
222	1222	3000
223	1223	3000
224	1224	3000
225	1225	3000
226	1226	3000
227	1227	3000
228	1228	3000
229	1229	3000
230	1230	3000
231	1231	3000
232	1232	3000
233	1233	3000
234	1234	3000
235	1235	3000
236	1236	3000
237	1237	3000
238	1238	3000
239	1239	3000
240	1240	3000
241	1241	3000
242	1242	3000
243	1243	3000
244	1244	3000
245	1245	3000
246	1246	3000
247	1247	3000
248	1248	3000
249	1249	3000
250	1250	3000
251	1251	3000
252	1252	3000
253	1253	3000
254	1254	3000
255	1255	3000
256	1256	3000
257	1257	3000
258	1258	3000
259	1259	3000
260	1260	3000
261	1261	3000
262	1262	3000
263	1263	3000
264	1264	3000
265	1265	3000
266	1266	3000
267	1267	3000
268	1268	3000
269	1269	3000
270	1270	3000
271	1271	3000
272	1272	3000
273	1273	3000
274	1274	3000
275	1275	3000
276	1276	3000
277	1277	3000
278	1278	3000
279	1279	3000
280	1280	3000
281	1281	3000
282	1282	3000
283	1283	3000
284	1284	3000
285	1285	3000
286	1286	3000
287	1287	3000
288	1288	3000
289	1289	3000
290	1290	3000
291	1291	3000
292	1292	3000
293	1293	3000
294	1294	3000
295	1295	3000
296	1296	3000
297	1297	3000
298	1298	3000
299	1299	3000
300	1300	3000
301	1301	3000
302	1302	3000
303	1303	3000
304	1304	3000
305	1305	3000
306	1306	3000
307	1307	3000
308	1308	3000
309	1309	3000
310	1310	3000
311	1311	3000
312	1312	3000
313	1313	3000
314	1314	3000
315	1315	3000
316	1316	3000
317	1317	3000
318	1318	3000
319	1319	3000
320	1320	3000
321	1321	3000
322	1322	3000
323	1323	3000
324	1324	3000
325	1325	3000
326	1326	3000
327	1327	3000
328	1328	3000
329	1329	3000
330	1330	3000
331	1331	3000
332	1332	3000
333	1333	3000
334	1334	3000
335	1335	3000
336	1336	3000
337	1337	3000
338	1338	3000
339	1339	3000
340	1340	3000
341	1341	3000
342	1342	3000
343	1343	3000
344	1344	3000
345	1345	3000
346	1346	3000
347	1347	3000
348	1348	3000
349	1349	3000
350	1350	3000
351	1351	3000
352	1352	3000
353	1353	3000
354	1354	3000
355	1355	3000
356	1356	3000
357	1357	3000
358	1358	3000
359	1359	3000
360	1360	3000
361	1361	3000
362	1362	3000
363	1363	3000
364	1364	3000
365	1365	3000
366	1366	3000
367	1367	3000
368	1368	3000
369	1369	3000
370	1370	3000
371	1371	3000
372	1372	3000
373	1373	3000
374	1374	3000
375	1375	3000
376	1376	3000
377	1377	3000
378	1378	3000
379	1379	3000
380	1380	3000
381	1381	3000
382	1382	3000
383	1383	3000
384	1384	3000
385	1385	3000
386	1386	3000
387	1387	3000
388	1388	3000
389	1389	3000
390	1390	3000
391	1391	3000
392	1392	3000
393	1393	3000
394	1394	3000
395	1395	3000
396	1396	3000
397	1397	3000
398	1398	3000
399	1399	3000
400	1400	3000
401	1401	3000
402	1402	3000
403	1403	3000
404	1404	3000
405	1405	3000
406	1406	3000
407	1407	3000
408	1408	3000
409	1409	3000
410	1410	3000
411	1411	3000
412	1412	3000
413	1413	3000
414	1414	3000
415	1415	3000
416	1416	3000
417	1417	3000
418	1418	3000
419	1419	3000
420	1420	3000
421	1421	3000
422	1422	3000
423	1423	3000
424	1424	3000
425	1425	3000
426	1426	3000
427	1427	3000
428	1428	3000
429	1429	3000
430	1430	3000
431	1431	3000
432	1432	3000
433	1433	3000
434	1434	3000
435	1435	3000
436	1436	3000
437	1437	3000
438	1438	3000
439	1439	3000
440	1440	3000
441	1441	3000
442	1442	3000
443	1443	3000
444	1444	3000
445	1445	3000
446	1446	3000
447	1447	3000
448	1448	3000
449	1449	3000
450	1450	3000
451	1451	3000
452	1452	3000
453	1453	3000
454	1454	3000
455	1455	3000
456	1456	3000
457	1457	3000
458	1458	3000
459	1459	3000
460	1460	3000
461	1461	3000
462	1462	3000
463	1463	3000
464	1464	3000
465	1465	3000
466	1466	3000
467	1467	3000
468	1468	3000
469	1469	3000
470	1470	3000
471	1471	3000
472	1472	3000
473	1473	3000
474	1474	3000
475	1475	3000
476	1476	3000
477	1477	3000
478	1478	3000
479	1479	3000
480	1480	3000
481	1481	3000
482	1482	3000
483	1483	3000
484	1484	3000
485	1485	3000
486	1486	3000
487	1487	3000
488	1488	3000
489	1489	3000
490	1490	3000
491	1491	3000
492	1492	3000
493	1493	3000
494	1494	3000
495	1495	3000
496	1496	3000
497	1497	3000
498	1498	3000
499	1499	3000
500	1500	3000
501	1501	2999
502	1502	2998
503	1503	2997
504	1504	2996
505	1505	2995
506	1506	2994
507	1507	2993
508	1508	2992
509	1509	2991
510	1510	2990
511	1511	2989
512	1512	2988
513	1513	2987
514	1514	2986
515	1515	2985
516	1516	2984
517	1517	2983
518	1518	2982
519	1519	2981
520	1520	2980
521	1521	2979
522	1522	2978
523	1523	2977
524	1524	2976
525	1525	2975
526	1526	2974
527	1527	2973
528	1528	2972
529	1529	2971
530	1530	2970
531	1531	2969
532	1532	2968
533	1533	2967
534	1534	2966
535	1535	2965
536	1536	2964
537	1537	2963
538	1538	2962
539	1539	2961
540	1540	2960
541	1541	2959
542	1542	2958
543	1543	2957
544	1544	2956
545	1545	2955
546	1546	2954
547	1547	2953
548	1548	2952
549	1549	2951
550	1550	2950
551	1551	2949
552	1552	2948
553	1553	2947
554	1554	2946
555	1555	2945
556	1556	2944
557	1557	2943
558	1558	2942
559	1559	2941
560	1560	2940
561	1561	2939
562	1562	2938
563	1563	2937
564	1564	2936
565	1565	2935
566	1566	2934
567	1567	2933
568	1568	2932
569	1569	2931
570	1570	2930
571	1571	2929
572	1572	2928
573	1573	2927
574	1574	2926
575	1575	2925
576	1576	2924
577	1577	2923
578	1578	2922
579	1579	2921
580	1580	2920
581	1581	2919
582	1582	2918
583	1583	2917
584	1584	2916
585	1585	2915
586	1586	2914
587	1587	2913
588	1588	2912
589	1589	2911
590	1590	2910
591	1591	2909
592	1592	2908
593	1593	2907
594	1594	2906
595	1595	2905
596	1596	2904
597	1597	2903
598	1598	2902
599	1599	2901
600	1600	2900
601	1601	2899
602	1602	2898
603	1603	2897
604	1604	2896
605	1605	2895
606	1606	2894
607	1607	2893
608	1608	2892
609	1609	2891
610	1610	2890
611	1611	2889
612	1612	2888
613	1613	2887
614	1614	2886
615	1615	2885
616	1616	2884
617	1617	2883
618	1618	2882
619	1619	2881
620	1620	2880
621	1621	2879
622	1622	2878
623	1623	2877
624	1624	2876
625	1625	2875
626	1626	2874
627	1627	2873
628	1628	2872
629	1629	2871
630	1630	2870
631	1631	2869
632	1632	2868
633	1633	2867
634	1634	2866
635	1635	2865
636	1636	2864
637	1637	2863
638	1638	2862
639	1639	2861
640	1640	2860
641	1641	2859
642	1642	2858
643	1643	2857
644	1644	2856
645	1645	2855
646	1646	2854
647	1647	2853
648	1648	2852
649	1649	2851
650	1650	2850
651	1651	2849
652	1652	2848
653	1653	2847
654	1654	2846
655	1655	2845
656	1656	2844
657	1657	2843
658	1658	2842
659	1659	2841
660	1660	2840
661	1661	2839
662	1662	2838
663	1663	2837
664	1664	2836
665	1665	2835
666	1666	2834
667	1667	2833
668	1668	2832
669	1669	2831
670	1670	2830
671	1671	2829
672	1672	2828
673	1673	2827
674	1674	2826
675	1675	2825
676	1676	2824
677	1677	2823
678	1678	2822
679	1679	2821
680	1680	2820
681	1681	2819
682	1682	2818
683	1683	2817
684	1684	2816
685	1685	2815
686	1686	2814
687	1687	2813
688	1688	2812
689	1689	2811
690	1690	2810
691	1691	2809
692	1692	2808
693	1693	2807
694	1694	2806
695	1695	2805
696	1696	2804
697	1697	2803
698	1698	2802
699	1699	2801
700	1700	2800
701	1701	2799
702	1702	2798
703	1703	2797
704	1704	2796
705	1705	2795
706	1706	2794
707	1707	2793
708	1708	2792
709	1709	2791
710	1710	2790
711	1711	2789
712	1712	2788
713	1713	2787
714	1714	2786
715	1715	2785
716	1716	2784
717	1717	2783
718	1718	2782
719	1719	2781
720	1720	2780
721	1721	2779
722	1722	2778
723	1723	2777
724	1724	2776
725	1725	2775
726	1726	2774
727	1727	2773
728	1728	2772
729	1729	2771
730	1730	2770
731	1731	2769
732	1732	2768
733	1733	2767
734	1734	2766
735	1735	2765
736	1736	2764
737	1737	2763
738	1738	2762
739	1739	2761
740	1740	2760
741	1741	2759
742	1742	2758
743	1743	2757
744	1744	2756
745	1745	2755
746	1746	2754
747	1747	2753
748	1748	2752
749	1749	2751
750	1750	2750
751	1751	2749
752	1752	2748
753	1753	2747
754	1754	2746
755	1755	2745
756	1756	2744
757	1757	2743
758	1758	2742
759	1759	2741
760	1760	2740
761	1761	2739
762	1762	2738
763	1763	2737
764	1764	2736
765	1765	2735
766	1766	2734
767	1767	2733
768	1768	2732
769	1769	2731
770	1770	2730
771	1771	2729
772	1772	2728
773	1773	2727
774	1774	2726
775	1775	2725
776	1776	2724
777	1777	2723
778	1778	2722
779	1779	2721
780	1780	2720
781	1781	2719
782	1782	2718
783	1783	2717
784	1784	2716
785	1785	2715
786	1786	2714
787	1787	2713
788	1788	2712
789	1789	2711
790	1790	2710
791	1791	2709
792	1792	2708
793	1793	2707
794	1794	2706
795	1795	2705
796	1796	2704
797	1797	2703
798	1798	2702
799	1799	2701
800	1800	2700
801	1801	2699
802	1802	2698
803	1803	2697
804	1804	2696
805	1805	2695
806	1806	2694
807	1807	2693
808	1808	2692
809	1809	2691
810	1810	2690
811	1811	2689
812	1812	2688
813	1813	2687
814	1814	2686
815	1815	2685
816	1816	2684
817	1817	2683
818	1818	2682
819	1819	2681
820	1820	2680
821	1821	2679
822	1822	2678
823	1823	2677
824	1824	2676
825	1825	2675
826	1826	2674
827	1827	2673
828	1828	2672
829	1829	2671
830	1830	2670
831	1831	2669
832	1832	2668
833	1833	2667
834	1834	2666
835	1835	2665
836	1836	2664
837	1837	2663
838	1838	2662
839	1839	2661
840	1840	2660
841	1841	2659
842	1842	2658
843	1843	2657
844	1844	2656
845	1845	2655
846	1846	2654
847	1847	2653
848	1848	2652
849	1849	2651
850	1850	2650
851	1851	2649
852	1852	2648
853	1853	2647
854	1854	2646
855	1855	2645
856	1856	2644
857	1857	2643
858	1858	2642
859	1859	2641
860	1860	2640
861	1861	2639
862	1862	2638
863	1863	2637
864	1864	2636
865	1865	2635
866	1866	2634
867	1867	2633
868	1868	2632
869	1869	2631
870	1870	2630
871	1871	2629
872	1872	2628
873	1873	2627
874	1874	2626
875	1875	2625
876	1876	2624
877	1877	2623
878	1878	2622
879	1879	2621
880	1880	2620
881	1881	2619
882	1882	2618
883	1883	2617
884	1884	2616
885	1885	2615
886	1886	2614
887	1887	2613
888	1888	2612
889	1889	2611
890	1890	2610
891	1891	2609
892	1892	2608
893	1893	2607
894	1894	2606
895	1895	2605
896	1896	2604
897	1897	2603
898	1898	2602
899	1899	2601
900	1900	2600
901	1901	2599
902	1902	2598
903	1903	2597
904	1904	2596
905	1905	2595
906	1906	2594
907	1907	2593
908	1908	2592
909	1909	2591
910	1910	2590
911	1911	2589
912	1912	2588
913	1913	2587
914	1914	2586
915	1915	2585
916	1916	2584
917	1917	2583
918	1918	2582
919	1919	2581
920	1920	2580
921	1921	2579
922	1922	2578
923	1923	2577
924	1924	2576
925	1925	2575
926	1926	2574
927	1927	2573
928	1928	2572
929	1929	2571
930	1930	2570
931	1931	2569
932	1932	2568
933	1933	2567
934	1934	2566
935	1935	2565
936	1936	2564
937	1937	2563
938	1938	2562
939	1939	2561
940	1940	2560
941	1941	2559
942	1942	2558
943	1943	2557
944	1944	2556
945	1945	2555
946	1946	2554
947	1947	2553
948	1948	2552
949	1949	2551
950	1950	2550
951	1951	2549
952	1952	2548
953	1953	2547
954	1954	2546
955	1955	2545
956	1956	2544
957	1957	2543
958	1958	2542
959	1959	2541
960	1960	2540
961	1961	2539
962	1962	2538
963	1963	2537
964	1964	2536
965	1965	2535
966	1966	2534
967	1967	2533
968	1968	2532
969	1969	2531
970	1970	2530
971	1971	2529
972	1972	2528
973	1973	2527
974	1974	2526
975	1975	2525
976	1976	2524
977	1977	2523
978	1978	2522
979	1979	2521
980	1980	2520
981	1981	2519
982	1982	2518
983	1983	2517
984	1984	2516
985	1985	2515
986	1986	2514
987	1987	2513
988	1988	2512
989	1989	2511
990	1990	2510
991	1991	2509
992	1992	2508
993	1993	2507
994	1994	2506
995	1995	2505
996	1996	2504
997	1997	2503
998	1998	2502
999	1999	2501
1000	2000	2500
1001	2001	2499
1002	2002	2498
1003	2003	2497
1004	2004	2496
1005	2005	2495
1006	2006	2494
1007	2007	2493
1008	2008	2492
1009	2009	2491
1010	2010	2490
1011	2011	2489
1012	2012	2488
1013	2013	2487
1014	2014	2486
1015	2015	2485
1016	2016	2484
1017	2017	2483
1018	2018	2482
1019	2019	2481
1020	2020	2480
1021	2021	2479
1022	2022	2478
1023	2023	2477
1024	2024	2476
1025	2025	2475
1026	2026	2474
1027	2027	2473
1028	2028	2472
1029	2029	2471
1030	2030	2470
1031	2031	2469
1032	2032	2468
1033	2033	2467
1034	2034	2466
1035	2035	2465
1036	2036	2464
1037	2037	2463
1038	2038	2462
1039	2039	2461
1040	2040	2460
1041	2041	2459
1042	2042	2458
1043	2043	2457
1044	2044	2456
1045	2045	2455
1046	2046	2454
1047	2047	2453
1048	2048	2452
1049	2049	2451
1050	2050	2450
1051	2051	2449
1052	2052	2448
1053	2053	2447
1054	2054	2446
1055	2055	2445
1056	2056	2444
1057	2057	2443
1058	2058	2442
1059	2059	2441
1060	2060	2440
1061	2061	2439
1062	2062	2438
1063	2063	2437
1064	2064	2436
1065	2065	2435
1066	2066	2434
1067	2067	2433
1068	2068	2432
1069	2069	2431
1070	2070	2430
1071	2071	2429
1072	2072	2428
1073	2073	2427
1074	2074	2426
1075	2075	2425
1076	2076	2424
1077	2077	2423
1078	2078	2422
1079	2079	2421
1080	2080	2420
1081	2081	2419
1082	2082	2418
1083	2083	2417
1084	2084	2416
1085	2085	2415
1086	2086	2414
1087	2087	2413
1088	2088	2412
1089	2089	2411
1090	2090	2410
1091	2091	2409
1092	2092	2408
1093	2093	2407
1094	2094	2406
1095	2095	2405
1096	2096	2404
1097	2097	2403
1098	2098	2402
1099	2099	2401
1100	2100	2400
1101	2101	2399
1102	2102	2398
1103	2103	2397
1104	2104	2396
1105	2105	2395
1106	2106	2394
1107	2107	2393
1108	2108	2392
1109	2109	2391
1110	2110	2390
1111	2111	2389
1112	2112	2388
1113	2113	2387
1114	2114	2386
1115	2115	2385
1116	2116	2384
1117	2117	2383
1118	2118	2382
1119	2119	2381
1120	2120	2380
1121	2121	2379
1122	2122	2378
1123	2123	2377
1124	2124	2376
1125	2125	2375
1126	2126	2374
1127	2127	2373
1128	2128	2372
1129	2129	2371
1130	2130	2370
1131	2131	2369
1132	2132	2368
1133	2133	2367
1134	2134	2366
1135	2135	2365
1136	2136	2364
1137	2137	2363
1138	2138	2362
1139	2139	2361
1140	2140	2360
1141	2141	2359
1142	2142	2358
1143	2143	2357
1144	2144	2356
1145	2145	2355
1146	2146	2354
1147	2147	2353
1148	2148	2352
1149	2149	2351
1150	2150	2350
1151	2151	2349
1152	2152	2348
1153	2153	2347
1154	2154	2346
1155	2155	2345
1156	2156	2344
1157	2157	2343
1158	2158	2342
1159	2159	2341
1160	2160	2340
1161	2161	2339
1162	2162	2338
1163	2163	2337
1164	2164	2336
1165	2165	2335
1166	2166	2334
1167	2167	2333
1168	2168	2332
1169	2169	2331
1170	2170	2330
1171	2171	2329
1172	2172	2328
1173	2173	2327
1174	2174	2326
1175	2175	2325
1176	2176	2324
1177	2177	2323
1178	2178	2322
1179	2179	2321
1180	2180	2320
1181	2181	2319
1182	2182	2318
1183	2183	2317
1184	2184	2316
1185	2185	2315
1186	2186	2314
1187	2187	2313
1188	2188	2312
1189	2189	2311
1190	2190	2310
1191	2191	2309
1192	2192	2308
1193	2193	2307
1194	2194	2306
1195	2195	2305
1196	2196	2304
1197	2197	2303
1198	2198	2302
1199	2199	2301
1200	2200	2300
1201	2201	2299
1202	2202	2298
1203	2203	2297
1204	2204	2296
1205	2205	2295
1206	2206	2294
1207	2207	2293
1208	2208	2292
1209	2209	2291
1210	2210	2290
1211	2211	2289
1212	2212	2288
1213	2213	2287
1214	2214	2286
1215	2215	2285
1216	2216	2284
1217	2217	2283
1218	2218	2282
1219	2219	2281
1220	2220	2280
1221	2221	2279
1222	2222	2278
1223	2223	2277
1224	2224	2276
1225	2225	2275
1226	2226	2274
1227	2227	2273
1228	2228	2272
1229	2229	2271
1230	2230	2270
1231	2231	2269
1232	2232	2268
1233	2233	2267
1234	2234	2266
1235	2235	2265
1236	2236	2264
1237	2237	2263
1238	2238	2262
1239	2239	2261
1240	2240	2260
1241	2241	2259
1242	2242	2258
1243	2243	2257
1244	2244	2256
1245	2245	2255
1246	2246	2254
1247	2247	2253
1248	2248	2252
1249	2249	2251
1250	2250	2250
1251	2251	2249
1252	2252	2248
1253	2253	2247
1254	2254	2246
1255	2255	2245
1256	2256	2244
1257	2257	2243
1258	2258	2242
1259	2259	2241
1260	2260	2240
1261	2261	2239
1262	2262	2238
1263	2263	2237
1264	2264	2236
1265	2265	2235
1266	2266	2234
1267	2267	2233
1268	2268	2232
1269	2269	2231
1270	2270	2230
1271	2271	2229
1272	2272	2228
1273	2273	2227
1274	2274	2226
1275	2275	2225
1276	2276	2224
1277	2277	2223
1278	2278	2222
1279	2279	2221
1280	2280	2220
1281	2281	2219
1282	2282	2218
1283	2283	2217
1284	2284	2216
1285	2285	2215
1286	2286	2214
1287	2287	2213
1288	2288	2212
1289	2289	2211
1290	2290	2210
1291	2291	2209
1292	2292	2208
1293	2293	2207
1294	2294	2206
1295	2295	2205
1296	2296	2204
1297	2297	2203
1298	2298	2202
1299	2299	2201
1300	2300	2200
1301	2301	2199
1302	2302	2198
1303	2303	2197
1304	2304	2196
1305	2305	2195
1306	2306	2194
1307	2307	2193
1308	2308	2192
1309	2309	2191
1310	2310	2190
1311	2311	2189
1312	2312	2188
1313	2313	2187
1314	2314	2186
1315	2315	2185
1316	2316	2184
1317	2317	2183
1318	2318	2182
1319	2319	2181
1320	2320	2180
1321	2321	2179
1322	2322	2178
1323	2323	2177
1324	2324	2176
1325	2325	2175
1326	2326	2174
1327	2327	2173
1328	2328	2172
1329	2329	2171
1330	2330	2170
1331	2331	2169
1332	2332	2168
1333	2333	2167
1334	2334	2166
1335	2335	2165
1336	2336	2164
1337	2337	2163
1338	2338	2162
1339	2339	2161
1340	2340	2160
1341	2341	2159
1342	2342	2158
1343	2343	2157
1344	2344	2156
1345	2345	2155
1346	2346	2154
1347	2347	2153
1348	2348	2152
1349	2349	2151
1350	2350	2150
1351	2351	2149
1352	2352	2148
1353	2353	2147
1354	2354	2146
1355	2355	2145
1356	2356	2144
1357	2357	2143
1358	2358	2142
1359	2359	2141
1360	2360	2140
1361	2361	2139
1362	2362	2138
1363	2363	2137
1364	2364	2136
1365	2365	2135
1366	2366	2134
1367	2367	2133
1368	2368	2132
1369	2369	2131
1370	2370	2130
1371	2371	2129
1372	2372	2128
1373	2373	2127
1374	2374	2126
1375	2375	2125
1376	2376	2124
1377	2377	2123
1378	2378	2122
1379	2379	2121
1380	2380	2120
1381	2381	2119
1382	2382	2118
1383	2383	2117
1384	2384	2116
1385	2385	2115
1386	2386	2114
1387	2387	2113
1388	2388	2112
1389	2389	2111
1390	2390	2110
1391	2391	2109
1392	2392	2108
1393	2393	2107
1394	2394	2106
1395	2395	2105
1396	2396	2104
1397	2397	2103
1398	2398	2102
1399	2399	2101
1400	2400	2100
1401	2401	2099
1402	2402	2098
1403	2403	2097
1404	2404	2096
1405	2405	2095
1406	2406	2094
1407	2407	2093
1408	2408	2092
1409	2409	2091
1410	2410	2090
1411	2411	2089
1412	2412	2088
1413	2413	2087
1414	2414	2086
1415	2415	2085
1416	2416	2084
1417	2417	2083
1418	2418	2082
1419	2419	2081
1420	2420	2080
1421	2421	2079
1422	2422	2078
1423	2423	2077
1424	2424	2076
1425	2425	2075
1426	2426	2074
1427	2427	2073
1428	2428	2072
1429	2429	2071
1430	2430	2070
1431	2431	2069
1432	2432	2068
1433	2433	2067
1434	2434	2066
1435	2435	2065
1436	2436	2064
1437	2437	2063
1438	2438	2062
1439	2439	2061
1440	2440	2060
1441	2441	2059
1442	2442	2058
1443	2443	2057
1444	2444	2056
1445	2445	2055
1446	2446	2054
1447	2447	2053
1448	2448	2052
1449	2449	2051
1450	2450	2050
1451	2451	2049
1452	2452	2048
1453	2453	2047
1454	2454	2046
1455	2455	2045
1456	2456	2044
1457	2457	2043
1458	2458	2042
1459	2459	2041
1460	2460	2040
1461	2461	2039
1462	2462	2038
1463	2463	2037
1464	2464	2036
1465	2465	2035
1466	2466	2034
1467	2467	2033
1468	2468	2032
1469	2469	2031
1470	2470	2030
1471	2471	2029
1472	2472	2028
1473	2473	2027
1474	2474	2026
1475	2475	2025
1476	2476	2024
1477	2477	2023
1478	2478	2022
1479	2479	2021
1480	2480	2020
1481	2481	2019
1482	2482	2018
1483	2483	2017
1484	2484	2016
1485	2485	2015
1486	2486	2014
1487	2487	2013
1488	2488	2012
1489	2489	2011
1490	2490	2010
1491	2491	2009
1492	2492	2008
1493	2493	2007
1494	2494	2006
1495	2495	2005
1496	2496	2004
1497	2497	2003
1498	2498	2002
1499	2499	2001
1500	2500	2000
1501	2501	1999
1502	2502	1998
1503	2503	1997
1504	2504	1996
1505	2505	1995
1506	2506	1994
1507	2507	1993
1508	2508	1992
1509	2509	1991
1510	2510	1990
1511	2511	1989
1512	2512	1988
1513	2513	1987
1514	2514	1986
1515	2515	1985
1516	2516	1984
1517	2517	1983
1518	2518	1982
1519	2519	1981
1520	2520	1980
1521	2521	1979
1522	2522	1978
1523	2523	1977
1524	2524	1976
1525	2525	1975
1526	2526	1974
1527	2527	1973
1528	2528	1972
1529	2529	1971
1530	2530	1970
1531	2531	1969
1532	2532	1968
1533	2533	1967
1534	2534	1966
1535	2535	1965
1536	2536	1964
1537	2537	1963
1538	2538	1962
1539	2539	1961
1540	2540	1960
1541	2541	1959
1542	2542	1958
1543	2543	1957
1544	2544	1956
1545	2545	1955
1546	2546	1954
1547	2547	1953
1548	2548	1952
1549	2549	1951
1550	2550	1950
1551	2551	1949
1552	2552	1948
1553	2553	1947
1554	2554	1946
1555	2555	1945
1556	2556	1944
1557	2557	1943
1558	2558	1942
1559	2559	1941
1560	2560	1940
1561	2561	1939
1562	2562	1938
1563	2563	1937
1564	2564	1936
1565	2565	1935
1566	2566	1934
1567	2567	1933
1568	2568	1932
1569	2569	1931
1570	2570	1930
1571	2571	1929
1572	2572	1928
1573	2573	1927
1574	2574	1926
1575	2575	1925
1576	2576	1924
1577	2577	1923
1578	2578	1922
1579	2579	1921
1580	2580	1920
1581	2581	1919
1582	2582	1918
1583	2583	1917
1584	2584	1916
1585	2585	1915
1586	2586	1914
1587	2587	1913
1588	2588	1912
1589	2589	1911
1590	2590	1910
1591	2591	1909
1592	2592	1908
1593	2593	1907
1594	2594	1906
1595	2595	1905
1596	2596	1904
1597	2597	1903
1598	2598	1902
1599	2599	1901
1600	2600	1900
1601	2601	1899
1602	2602	1898
1603	2603	1897
1604	2604	1896
1605	2605	1895
1606	2606	1894
1607	2607	1893
1608	2608	1892
1609	2609	1891
1610	2610	1890
1611	2611	1889
1612	2612	1888
1613	2613	1887
1614	2614	1886
1615	2615	1885
1616	2616	1884
1617	2617	1883
1618	2618	1882
1619	2619	1881
1620	2620	1880
1621	2621	1879
1622	2622	1878
1623	2623	1877
1624	2624	1876
1625	2625	1875
1626	2626	1874
1627	2627	1873
1628	2628	1872
1629	2629	1871
1630	2630	1870
1631	2631	1869
1632	2632	1868
1633	2633	1867
1634	2634	1866
1635	2635	1865
1636	2636	1864
1637	2637	1863
1638	2638	1862
1639	2639	1861
1640	2640	1860
1641	2641	1859
1642	2642	1858
1643	2643	1857
1644	2644	1856
1645	2645	1855
1646	2646	1854
1647	2647	1853
1648	2648	1852
1649	2649	1851
1650	2650	1850
1651	2651	1849
1652	2652	1848
1653	2653	1847
1654	2654	1846
1655	2655	1845
1656	2656	1844
1657	2657	1843
1658	2658	1842
1659	2659	1841
1660	2660	1840
1661	2661	1839
1662	2662	1838
1663	2663	1837
1664	2664	1836
1665	2665	1835
1666	2666	1834
1667	2667	1833
1668	2668	1832
1669	2669	1831
1670	2670	1830
1671	2671	1829
1672	2672	1828
1673	2673	1827
1674	2674	1826
1675	2675	1825
1676	2676	1824
1677	2677	1823
1678	2678	1822
1679	2679	1821
1680	2680	1820
1681	2681	1819
1682	2682	1818
1683	2683	1817
1684	2684	1816
1685	2685	1815
1686	2686	1814
1687	2687	1813
1688	2688	1812
1689	2689	1811
1690	2690	1810
1691	2691	1809
1692	2692	1808
1693	2693	1807
1694	2694	1806
1695	2695	1805
1696	2696	1804
1697	2697	1803
1698	2698	1802
1699	2699	1801
1700	2700	1800
1701	2701	1799
1702	2702	1798
1703	2703	1797
1704	2704	1796
1705	2705	1795
1706	2706	1794
1707	2707	1793
1708	2708	1792
1709	2709	1791
1710	2710	1790
1711	2711	1789
1712	2712	1788
1713	2713	1787
1714	2714	1786
1715	2715	1785
1716	2716	1784
1717	2717	1783
1718	2718	1782
1719	2719	1781
1720	2720	1780
1721	2721	1779
1722	2722	1778
1723	2723	1777
1724	2724	1776
1725	2725	1775
1726	2726	1774
1727	2727	1773
1728	2728	1772
1729	2729	1771
1730	2730	1770
1731	2731	1769
1732	2732	1768
1733	2733	1767
1734	2734	1766
1735	2735	1765
1736	2736	1764
1737	2737	1763
1738	2738	1762
1739	2739	1761
1740	2740	1760
1741	2741	1759
1742	2742	1758
1743	2743	1757
1744	2744	1756
1745	2745	1755
1746	2746	1754
1747	2747	1753
1748	2748	1752
1749	2749	1751
1750	2750	1750
1751	2751	1749
1752	2752	1748
1753	2753	1747
1754	2754	1746
1755	2755	1745
1756	2756	1744
1757	2757	1743
1758	2758	1742
1759	2759	1741
1760	2760	1740
1761	2761	1739
1762	2762	1738
1763	2763	1737
1764	2764	1736
1765	2765	1735
1766	2766	1734
1767	2767	1733
1768	2768	1732
1769	2769	1731
1770	2770	1730
1771	2771	1729
1772	2772	1728
1773	2773	1727
1774	2774	1726
1775	2775	1725
1776	2776	1724
1777	2777	1723
1778	2778	1722
1779	2779	1721
1780	2780	1720
1781	2781	1719
1782	2782	1718
1783	2783	1717
1784	2784	1716
1785	2785	1715
1786	2786	1714
1787	2787	1713
1788	2788	1712
1789	2789	1711
1790	2790	1710
1791	2791	1709
1792	2792	1708
1793	2793	1707
1794	2794	1706
1795	2795	1705
1796	2796	1704
1797	2797	1703
1798	2798	1702
1799	2799	1701
1800	2800	1700
1801	2801	1699
1802	2802	1698
1803	2803	1697
1804	2804	1696
1805	2805	1695
1806	2806	1694
1807	2807	1693
1808	2808	1692
1809	2809	1691
1810	2810	1690
1811	2811	1689
1812	2812	1688
1813	2813	1687
1814	2814	1686
1815	2815	1685
1816	2816	1684
1817	2817	1683
1818	2818	1682
1819	2819	1681
1820	2820	1680
1821	2821	1679
1822	2822	1678
1823	2823	1677
1824	2824	1676
1825	2825	1675
1826	2826	1674
1827	2827	1673
1828	2828	1672
1829	2829	1671
1830	2830	1670
1831	2831	1669
1832	2832	1668
1833	2833	1667
1834	2834	1666
1835	2835	1665
1836	2836	1664
1837	2837	1663
1838	2838	1662
1839	2839	1661
1840	2840	1660
1841	2841	1659
1842	2842	1658
1843	2843	1657
1844	2844	1656
1845	2845	1655
1846	2846	1654
1847	2847	1653
1848	2848	1652
1849	2849	1651
1850	2850	1650
1851	2851	1649
1852	2852	1648
1853	2853	1647
1854	2854	1646
1855	2855	1645
1856	2856	1644
1857	2857	1643
1858	2858	1642
1859	2859	1641
1860	2860	1640
1861	2861	1639
1862	2862	1638
1863	2863	1637
1864	2864	1636
1865	2865	1635
1866	2866	1634
1867	2867	1633
1868	2868	1632
1869	2869	1631
1870	2870	1630
1871	2871	1629
1872	2872	1628
1873	2873	1627
1874	2874	1626
1875	2875	1625
1876	2876	1624
1877	2877	1623
1878	2878	1622
1879	2879	1621
1880	2880	1620
1881	2881	1619
1882	2882	1618
1883	2883	1617
1884	2884	1616
1885	2885	1615
1886	2886	1614
1887	2887	1613
1888	2888	1612
1889	2889	1611
1890	2890	1610
1891	2891	1609
1892	2892	1608
1893	2893	1607
1894	2894	1606
1895	2895	1605
1896	2896	1604
1897	2897	1603
1898	2898	1602
1899	2899	1601
1900	2900	1600
1901	2901	1599
1902	2902	1598
1903	2903	1597
1904	2904	1596
1905	2905	1595
1906	2906	1594
1907	2907	1593
1908	2908	1592
1909	2909	1591
1910	2910	1590
1911	2911	1589
1912	2912	1588
1913	2913	1587
1914	2914	1586
1915	2915	1585
1916	2916	1584
1917	2917	1583
1918	2918	1582
1919	2919	1581
1920	2920	1580
1921	2921	1579
1922	2922	1578
1923	2923	1577
1924	2924	1576
1925	2925	1575
1926	2926	1574
1927	2927	1573
1928	2928	1572
1929	2929	1571
1930	2930	1570
1931	2931	1569
1932	2932	1568
1933	2933	1567
1934	2934	1566
1935	2935	1565
1936	2936	1564
1937	2937	1563
1938	2938	1562
1939	2939	1561
1940	2940	1560
1941	2941	1559
1942	2942	1558
1943	2943	1557
1944	2944	1556
1945	2945	1555
1946	2946	1554
1947	2947	1553
1948	2948	1552
1949	2949	1551
1950	2950	1550
1951	2951	1549
1952	2952	1548
1953	2953	1547
1954	2954	1546
1955	2955	1545
1956	2956	1544
1957	2957	1543
1958	2958	1542
1959	2959	1541
1960	2960	1540
1961	2961	1539
1962	2962	1538
1963	2963	1537
1964	2964	1536
1965	2965	1535
1966	2966	1534
1967	2967	1533
1968	2968	1532
1969	2969	1531
1970	2970	1530
1971	2971	1529
1972	2972	1528
1973	2973	1527
1974	2974	1526
1975	2975	1525
1976	2976	1524
1977	2977	1523
1978	2978	1522
1979	2979	1521
1980	2980	1520
1981	2981	1519
1982	2982	1518
1983	2983	1517
1984	2984	1516
1985	2985	1515
1986	2986	1514
1987	2987	1513
1988	2988	1512
1989	2989	1511
1990	2990	1510
1991	2991	1509
1992	2992	1508
1993	2993	1507
1994	2994	1506
1995	2995	1505
1996	2996	1504
1997	2997	1503
1998	2998	1502
1999	2999	1501
2000	3000	1500
2001	3000	1500
2002	3000	1500
2003	3000	1500
2004	3000	1500
2005	3000	1500
2006	3000	1500
2007	3000	1500
2008	3000	1500
2009	3000	1500
2010	3000	1500
2011	3000	1500
2012	3000	1500
2013	3000	1500
2014	3000	1500
2015	3000	1500
2016	3000	1500
2017	3000	1500
2018	3000	1500
2019	3000	1500
2020	3000	1500
2021	3000	1500
2022	3000	1500
2023	3000	1500
2024	3000	1500
2025	3000	1500
2026	3000	1500
2027	3000	1500
2028	3000	1500
2029	3000	1500
2030	3000	1500
2031	3000	1500
2032	3000	1500
2033	3000	1500
2034	3000	1500
2035	3000	1500
2036	3000	1500
2037	3000	1500
2038	3000	1500
2039	3000	1500
2040	3000	1500
2041	3000	1500
2042	3000	1500
2043	3000	1500
2044	3000	1500
2045	3000	1500
2046	3000	1500
2047	3000	1500
2048	3000	1500
2049	3000	1500
2050	3000	1500
2051	3000	1500
2052	3000	1500
2053	3000	1500
2054	3000	1500
2055	3000	1500
2056	3000	1500
2057	3000	1500
2058	3000	1500
2059	3000	1500
2060	3000	1500
2061	3000	1500
2062	3000	1500
2063	3000	1500
2064	3000	1500
2065	3000	1500
2066	3000	1500
2067	3000	1500
2068	3000	1500
2069	3000	1500
2070	3000	1500
2071	3000	1500
2072	3000	1500
2073	3000	1500
2074	3000	1500
2075	3000	1500
2076	3000	1500
2077	3000	1500
2078	3000	1500
2079	3000	1500
2080	3000	1500
2081	3000	1500
2082	3000	1500
2083	3000	1500
2084	3000	1500
2085	3000	1500
2086	3000	1500
2087	3000	1500
2088	3000	1500
2089	3000	1500
2090	3000	1500
2091	3000	1500
2092	3000	1500
2093	3000	1500
2094	3000	1500
2095	3000	1500
2096	3000	1500
2097	3000	1500
2098	3000	1500
2099	3000	1500
2100	3000	1500
2101	3000	1500
2102	3000	1500
2103	3000	1500
2104	3000	1500
2105	3000	1500
2106	3000	1500
2107	3000	1500
2108	3000	1500
2109	3000	1500
2110	3000	1500
2111	3000	1500
2112	3000	1500
2113	3000	1500
2114	3000	1500
2115	3000	1500
2116	3000	1500
2117	3000	1500
2118	3000	1500
2119	3000	1500
2120	3000	1500
2121	3000	1500
2122	3000	1500
2123	3000	1500
2124	3000	1500
2125	3000	1500
2126	3000	1500
2127	3000	1500
2128	3000	1500
2129	3000	1500
2130	3000	1500
2131	3000	1500
2132	3000	1500
2133	3000	1500
2134	3000	1500
2135	3000	1500
2136	3000	1500
2137	3000	1500
2138	3000	1500
2139	3000	1500
2140	3000	1500
2141	3000	1500
2142	3000	1500
2143	3000	1500
2144	3000	1500
2145	3000	1500
2146	3000	1500
2147	3000	1500
2148	3000	1500
2149	3000	1500
2150	3000	1500
2151	3000	1500
2152	3000	1500
2153	3000	1500
2154	3000	1500
2155	3000	1500
2156	3000	1500
2157	3000	1500
2158	3000	1500
2159	3000	1500
2160	3000	1500
2161	3000	1500
2162	3000	1500
2163	3000	1500
2164	3000	1500
2165	3000	1500
2166	3000	1500
2167	3000	1500
2168	3000	1500
2169	3000	1500
2170	3000	1500
2171	3000	1500
2172	3000	1500
2173	3000	1500
2174	3000	1500
2175	3000	1500
2176	3000	1500
2177	3000	1500
2178	3000	1500
2179	3000	1500
2180	3000	1500
2181	3000	1500
2182	3000	1500
2183	3000	1500
2184	3000	1500
2185	3000	1500
2186	3000	1500
2187	3000	1500
2188	3000	1500
2189	3000	1500
2190	3000	1500
2191	3000	1500
2192	3000	1500
2193	3000	1500
2194	3000	1500
2195	3000	1500
2196	3000	1500
2197	3000	1500
2198	3000	1500
2199	3000	1500
2200	3000	1500
2201	3000	1500
2202	3000	1500
2203	3000	1500
2204	3000	1500
2205	3000	1500
2206	3000	1500
2207	3000	1500
2208	3000	1500
2209	3000	1500
2210	3000	1500
2211	3000	1500
2212	3000	1500
2213	3000	1500
2214	3000	1500
2215	3000	1500
2216	3000	1500
2217	3000	1500
2218	3000	1500
2219	3000	1500
2220	3000	1500
2221	3000	1500
2222	3000	1500
2223	3000	1500
2224	3000	1500
2225	3000	1500
2226	3000	1500
2227	3000	1500
2228	3000	1500
2229	3000	1500
2230	3000	1500
2231	3000	1500
2232	3000	1500
2233	3000	1500
2234	3000	1500
2235	3000	1500
2236	3000	1500
2237	3000	1500
2238	3000	1500
2239	3000	1500
2240	3000	1500
2241	3000	1500
2242	3000	1500
2243	3000	1500
2244	3000	1500
2245	3000	1500
2246	3000	1500
2247	3000	1500
2248	3000	1500
2249	3000	1500
2250	3000	1500
2251	3000	1500
2252	3000	1500
2253	3000	1500
2254	3000	1500
2255	3000	1500
2256	3000	1500
2257	3000	1500
2258	3000	1500
2259	3000	1500
2260	3000	1500
2261	3000	1500
2262	3000	1500
2263	3000	1500
2264	3000	1500
2265	3000	1500
2266	3000	1500
2267	3000	1500
2268	3000	1500
2269	3000	1500
2270	3000	1500
2271	3000	1500
2272	3000	1500
2273	3000	1500
2274	3000	1500
2275	3000	1500
2276	3000	1500
2277	3000	1500
2278	3000	1500
2279	3000	1500
2280	3000	1500
2281	3000	1500
2282	3000	1500
2283	3000	1500
2284	3000	1500
2285	3000	1500
2286	3000	1500
2287	3000	1500
2288	3000	1500
2289	3000	1500
2290	3000	1500
2291	3000	1500
2292	3000	1500
2293	3000	1500
2294	3000	1500
2295	3000	1500
2296	3000	1500
2297	3000	1500
2298	3000	1500
2299	3000	1500
2300	3000	1500
2301	3000	1500
2302	3000	1500
2303	3000	1500
2304	3000	1500
2305	3000	1500
2306	3000	1500
2307	3000	1500
2308	3000	1500
2309	3000	1500
2310	3000	1500
2311	3000	1500
2312	3000	1500
2313	3000	1500
2314	3000	1500
2315	3000	1500
2316	3000	1500
2317	3000	1500
2318	3000	1500
2319	3000	1500
2320	3000	1500
2321	3000	1500
2322	3000	1500
2323	3000	1500
2324	3000	1500
2325	3000	1500
2326	3000	1500
2327	3000	1500
2328	3000	1500
2329	3000	1500
2330	3000	1500
2331	3000	1500
2332	3000	1500
2333	3000	1500
2334	3000	1500
2335	3000	1500
2336	3000	1500
2337	3000	1500
2338	3000	1500
2339	3000	1500
2340	3000	1500
2341	3000	1500
2342	3000	1500
2343	3000	1500
2344	3000	1500
2345	3000	1500
2346	3000	1500
2347	3000	1500
2348	3000	1500
2349	3000	1500
2350	3000	1500
2351	3000	1500
2352	3000	1500
2353	3000	1500
2354	3000	1500
2355	3000	1500
2356	3000	1500
2357	3000	1500
2358	3000	1500
2359	3000	1500
2360	3000	1500
2361	3000	1500
2362	3000	1500
2363	3000	1500
2364	3000	1500
2365	3000	1500
2366	3000	1500
2367	3000	1500
2368	3000	1500
2369	3000	1500
2370	3000	1500
2371	3000	1500
2372	3000	1500
2373	3000	1500
2374	3000	1500
2375	3000	1500
2376	3000	1500
2377	3000	1500
2378	3000	1500
2379	3000	1500
2380	3000	1500
2381	3000	1500
2382	3000	1500
2383	3000	1500
2384	3000	1500
2385	3000	1500
2386	3000	1500
2387	3000	1500
2388	3000	1500
2389	3000	1500
2390	3000	1500
2391	3000	1500
2392	3000	1500
2393	3000	1500
2394	3000	1500
2395	3000	1500
2396	3000	1500
2397	3000	1500
2398	3000	1500
2399	3000	1500
2400	3000	1500
2401	3000	1500
2402	3000	1500
2403	3000	1500
2404	3000	1500
2405	3000	1500
2406	3000	1500
2407	3000	1500
2408	3000	1500
2409	3000	1500
2410	3000	1500
2411	3000	1500
2412	3000	1500
2413	3000	1500
2414	3000	1500
2415	3000	1500
2416	3000	1500
2417	3000	1500
2418	3000	1500
2419	3000	1500
2420	3000	1500
2421	3000	1500
2422	3000	1500
2423	3000	1500
2424	3000	1500
2425	3000	1500
2426	3000	1500
2427	3000	1500
2428	3000	1500
2429	3000	1500
2430	3000	1500
2431	3000	1500
2432	3000	1500
2433	3000	1500
2434	3000	1500
2435	3000	1500
2436	3000	1500
2437	3000	1500
2438	3000	1500
2439	3000	1500
2440	3000	1500
2441	3000	1500
2442	3000	1500
2443	3000	1500
2444	3000	1500
2445	3000	1500
2446	3000	1500
2447	3000	1500
2448	3000	1500
2449	3000	1500
2450	3000	1500
2451	3000	1500
2452	3000	1500
2453	3000	1500
2454	3000	1500
2455	3000	1500
2456	3000	1500
2457	3000	1500
2458	3000	1500
2459	3000	1500
2460	3000	1500
2461	3000	1500
2462	3000	1500
2463	3000	1500
2464	3000	1500
2465	3000	1500
2466	3000	1500
2467	3000	1500
2468	3000	1500
2469	3000	1500
2470	3000	1500
2471	3000	1500
2472	3000	1500
2473	3000	1500
2474	3000	1500
2475	3000	1500
2476	3000	1500
2477	3000	1500
2478	3000	1500
2479	3000	1500
2480	3000	1500
2481	3000	1500
2482	3000	1500
2483	3000	1500
2484	3000	1500
2485	3000	1500
2486	3000	1500
2487	3000	1500
2488	3000	1500
2489	3000	1500
2490	3000	1500
2491	3000	1500
2492	3000	1500
2493	3000	1500
2494	3000	1500
2495	3000	1500
2496	3000	1500
2497	3000	1500
2498	3000	1500
2499	3000	1500
2500	3000	1500
2501	3000	1500
2502	3000	1500
2503	3000	1500
2504	3000	1500
2505	3000	1500
2506	3000	1500
2507	3000	1500
2508	3000	1500
2509	3000	1500
2510	3000	1500
2511	3000	1500
2512	3000	1500
2513	3000	1500
2514	3000	1500
2515	3000	1500
2516	3000	1500
2517	3000	1500
2518	3000	1500
2519	3000	1500
2520	3000	1500
2521	3000	1500
2522	3000	1500
2523	3000	1500
2524	3000	1500
2525	3000	1500
2526	3000	1500
2527	3000	1500
2528	3000	1500
2529	3000	1500
2530	3000	1500
2531	3000	1500
2532	3000	1500
2533	3000	1500
2534	3000	1500
2535	3000	1500
2536	3000	1500
2537	3000	1500
2538	3000	1500
2539	3000	1500
2540	3000	1500
2541	3000	1500
2542	3000	1500
2543	3000	1500
2544	3000	1500
2545	3000	1500
2546	3000	1500
2547	3000	1500
2548	3000	1500
2549	3000	1500
2550	3000	1500
2551	3000	1500
2552	3000	1500
2553	3000	1500
2554	3000	1500
2555	3000	1500
2556	3000	1500
2557	3000	1500
2558	3000	1500
2559	3000	1500
2560	3000	1500
2561	3000	1500
2562	3000	1500
2563	3000	1500
2564	3000	1500
2565	3000	1500
2566	3000	1500
2567	3000	1500
2568	3000	1500
2569	3000	1500
2570	3000	1500
2571	3000	1500
2572	3000	1500
2573	3000	1500
2574	3000	1500
2575	3000	1500
2576	3000	1500
2577	3000	1500
2578	3000	1500
2579	3000	1500
2580	3000	1500
2581	3000	1500
2582	3000	1500
2583	3000	1500
2584	3000	1500
2585	3000	1500
2586	3000	1500
2587	3000	1500
2588	3000	1500
2589	3000	1500
2590	3000	1500
2591	3000	1500
2592	3000	1500
2593	3000	1500
2594	3000	1500
2595	3000	1500
2596	3000	1500
2597	3000	1500
2598	3000	1500
2599	3000	1500
2600	3000	1500
2601	3000	1500
2602	3000	1500
2603	3000	1500
2604	3000	1500
2605	3000	1500
2606	3000	1500
2607	3000	1500
2608	3000	1500
2609	3000	1500
2610	3000	1500
2611	3000	1500
2612	3000	1500
2613	3000	1500
2614	3000	1500
2615	3000	1500
2616	3000	1500
2617	3000	1500
2618	3000	1500
2619	3000	1500
2620	3000	1500
2621	3000	1500
2622	3000	1500
2623	3000	1500
2624	3000	1500
2625	3000	1500
2626	3000	1500
2627	3000	1500
2628	3000	1500
2629	3000	1500
2630	3000	1500
2631	3000	1500
2632	3000	1500
2633	3000	1500
2634	3000	1500
2635	3000	1500
2636	3000	1500
2637	3000	1500
2638	3000	1500
2639	3000	1500
2640	3000	1500
2641	3000	1500
2642	3000	1500
2643	3000	1500
2644	3000	1500
2645	3000	1500
2646	3000	1500
2647	3000	1500
2648	3000	1500
2649	3000	1500
2650	3000	1500
2651	3000	1500
2652	3000	1500
2653	3000	1500
2654	3000	1500
2655	3000	1500
2656	3000	1500
2657	3000	1500
2658	3000	1500
2659	3000	1500
2660	3000	1500
2661	3000	1500
2662	3000	1500
2663	3000	1500
2664	3000	1500
2665	3000	1500
2666	3000	1500
2667	3000	1500
2668	3000	1500
2669	3000	1500
2670	3000	1500
2671	3000	1500
2672	3000	1500
2673	3000	1500
2674	3000	1500
2675	3000	1500
2676	3000	1500
2677	3000	1500
2678	3000	1500
2679	3000	1500
2680	3000	1500
2681	3000	1500
2682	3000	1500
2683	3000	1500
2684	3000	1500
2685	3000	1500
2686	3000	1500
2687	3000	1500
2688	3000	1500
2689	3000	1500
2690	3000	1500
2691	3000	1500
2692	3000	1500
2693	3000	1500
2694	3000	1500
2695	3000	1500
2696	3000	1500
2697	3000	1500
2698	3000	1500
2699	3000	1500
2700	3000	1500
2701	3000	1500
2702	3000	1500
2703	3000	1500
2704	3000	1500
2705	3000	1500
2706	3000	1500
2707	3000	1500
2708	3000	1500
2709	3000	1500
2710	3000	1500
2711	3000	1500
2712	3000	1500
2713	3000	1500
2714	3000	1500
2715	3000	1500
2716	3000	1500
2717	3000	1500
2718	3000	1500
2719	3000	1500
2720	3000	1500
2721	3000	1500
2722	3000	1500
2723	3000	1500
2724	3000	1500
2725	3000	1500
2726	3000	1500
2727	3000	1500
2728	3000	1500
2729	3000	1500
2730	3000	1500
2731	3000	1500
2732	3000	1500
2733	3000	1500
2734	3000	1500
2735	3000	1500
2736	3000	1500
2737	3000	1500
2738	3000	1500
2739	3000	1500
2740	3000	1500
2741	3000	1500
2742	3000	1500
2743	3000	1500
2744	3000	1500
2745	3000	1500
2746	3000	1500
2747	3000	1500
2748	3000	1500
2749	3000	1500
2750	3000	1500
2751	3000	1500
2752	3000	1500
2753	3000	1500
2754	3000	1500
2755	3000	1500
2756	3000	1500
2757	3000	1500
2758	3000	1500
2759	3000	1500
2760	3000	1500
2761	3000	1500
2762	3000	1500
2763	3000	1500
2764	3000	1500
2765	3000	1500
2766	3000	1500
2767	3000	1500
2768	3000	1500
2769	3000	1500
2770	3000	1500
2771	3000	1500
2772	3000	1500
2773	3000	1500
2774	3000	1500
2775	3000	1500
2776	3000	1500
2777	3000	1500
2778	3000	1500
2779	3000	1500
2780	3000	1500
2781	3000	1500
2782	3000	1500
2783	3000	1500
2784	3000	1500
2785	3000	1500
2786	3000	1500
2787	3000	1500
2788	3000	1500
2789	3000	1500
2790	3000	1500
2791	3000	1500
2792	3000	1500
2793	3000	1500
2794	3000	1500
2795	3000	1500
2796	3000	1500
2797	3000	1500
2798	3000	1500
2799	3000	1500
2800	3000	1500
2801	3000	1500
2802	3000	1500
2803	3000	1500
2804	3000	1500
2805	3000	1500
2806	3000	1500
2807	3000	1500
2808	3000	1500
2809	3000	1500
2810	3000	1500
2811	3000	1500
2812	3000	1500
2813	3000	1500
2814	3000	1500
2815	3000	1500
2816	3000	1500
2817	3000	1500
2818	3000	1500
2819	3000	1500
2820	3000	1500
2821	3000	1500
2822	3000	1500
2823	3000	1500
2824	3000	1500
2825	3000	1500
2826	3000	1500
2827	3000	1500
2828	3000	1500
2829	3000	1500
2830	3000	1500
2831	3000	1500
2832	3000	1500
2833	3000	1500
2834	3000	1500
2835	3000	1500
2836	3000	1500
2837	3000	1500
2838	3000	1500
2839	3000	1500
2840	3000	1500
2841	3000	1500
2842	3000	1500
2843	3000	1500
2844	3000	1500
2845	3000	1500
2846	3000	1500
2847	3000	1500
2848	3000	1500
2849	3000	1500
2850	3000	1500
2851	3000	1500
2852	3000	1500
2853	3000	1500
2854	3000	1500
2855	3000	1500
2856	3000	1500
2857	3000	1500
2858	3000	1500
2859	3000	1500
2860	3000	1500
2861	3000	1500
2862	3000	1500
2863	3000	1500
2864	3000	1500
2865	3000	1500
2866	3000	1500
2867	3000	1500
2868	3000	1500
2869	3000	1500
2870	3000	1500
2871	3000	1500
2872	3000	1500
2873	3000	1500
2874	3000	1500
2875	3000	1500
2876	3000	1500
2877	3000	1500
2878	3000	1500
2879	3000	1500
2880	3000	1500
2881	3000	1500
2882	3000	1500
2883	3000	1500
2884	3000	1500
2885	3000	1500
2886	3000	1500
2887	3000	1500
2888	3000	1500
2889	3000	1500
2890	3000	1500
2891	3000	1500
2892	3000	1500
2893	3000	1500
2894	3000	1500
2895	3000	1500
2896	3000	1500
2897	3000	1500
2898	3000	1500
2899	3000	1500
2900	3000	1500
2901	3000	1500
2902	3000	1500
2903	3000	1500
2904	3000	1500
2905	3000	1500
2906	3000	1500
2907	3000	1500
2908	3000	1500
2909	3000	1500
2910	3000	1500
2911	3000	1500
2912	3000	1500
2913	3000	1500
2914	3000	1500
2915	3000	1500
2916	3000	1500
2917	3000	1500
2918	3000	1500
2919	3000	1500
2920	3000	1500
2921	3000	1500
2922	3000	1500
2923	3000	1500
2924	3000	1500
2925	3000	1500
2926	3000	1500
2927	3000	1500
2928	3000	1500
2929	3000	1500
2930	3000	1500
2931	3000	1500
2932	3000	1500
2933	3000	1500
2934	3000	1500
2935	3000	1500
2936	3000	1500
2937	3000	1500
2938	3000	1500
2939	3000	1500
2940	3000	1500
2941	3000	1500
2942	3000	1500
2943	3000	1500
2944	3000	1500
2945	3000	1500
2946	3000	1500
2947	3000	1500
2948	3000	1500
2949	3000	1500
2950	3000	1500
2951	3000	1500
2952	3000	1500
2953	3000	1500
2954	3000	1500
2955	3000	1500
2956	3000	1500
2957	3000	1500
2958	3000	1500
2959	3000	1500
2960	3000	1500
2961	3000	1500
2962	3000	1500
2963	3000	1500
2964	3000	1500
2965	3000	1500
2966	3000	1500
2967	3000	1500
2968	3000	1500
2969	3000	1500
2970	3000	1500
2971	3000	1500
2972	3000	1500
2973	3000	1500
2974	3000	1500
2975	3000	1500
2976	3000	1500
2977	3000	1500
2978	3000	1500
2979	3000	1500
2980	3000	1500
2981	3000	1500
2982	3000	1500
2983	3000	1500
2984	3000	1500
2985	3000	1500
2986	3000	1500
2987	3000	1500
2988	3000	1500
2989	3000	1500
2990	3000	1500
2991	3000	1500
2992	3000	1500
2993	3000	1500
2994	3000	1500
2995	3000	1500
2996	3000	1500
2997	3000	1500
2998	3000	1500
2999	3000	1500
