1	0.067209	0.502046	0.461659	0.079234	0.062609	0.141843	1	0	1	1
1	0.174925	0.562573	0.580742	0.121411	0.084389	0.151846	1	0	1	1
2	0.158465	0.553766	0.595433	0.034562	0.131354	0.111983	0	1	1	1
3	0.242876	0.522844	0.463538	0.036444	0.171409	0.170735	1	0	1	0
4	0.170102	0.499713	0.515208	0.038679	0.116895	0.155574	1	0	0	1
1	0.170102	0.499713	0.515208	0.038679	0.116895	0.155574	1	0	0	1
1	0.170102	0.499713	0.515208	0.038679	0.116895	0.155574	1	0	0	1
1	0.170102	0.499713	0.515208	0.038679	0.116895	0.155574	1	0	0	1
1	0.170102	0.499713	0.515208	0.038679	0.116895	0.155574	1	0	0	1
1	0.170102	0.499713	0.515208	0.038679	0.116895	0.155574	1	0	0	1
1	0.170102	0.499713	0.515208	0.038679	0.116895	0.155574	1	0	0	1
cd	0.170102	0.499713	0.515208	0.038679	0.116895	0.155574	1	0	0	1
1	0.170102	0.499713	0.515208	0.038679	0.116895	0.155574	1	0	0	1
1	0.170102	0.499713	0.515208	0.038679	0.116895	0.155574	1	0	0	1
1	0.170102	0.499713	0.515208	0.038679	0.116895	0.155574	1	0	0	1
1	0.170102	0.499713	0.515208	0.038679	0.116895	0.155574	1	0	0	1
1	0.170102	0.499713	0.515208	0.038679	0.116895	0.155574	1	0	0	1
1	0.170102	0.499713	0.515208	0.038679	0.116895	0.155574	1	0	0	1
1	0.123175	0.600847	0.561933	0.102983	0.155260	0.148365	1	0	1	0
2	0.551106	0.568678	0.493833	0.123888	0.172622	0.058056	0	1	1	1
3	0.088933	0.552606	0.590027	0.036588	0.124461	0.098886	0	1	1	1
4	0.081008	0.554187	0.507157	0.026251	0.155837	0.129586	1	0	1	1
5	0.139144	0.477868	0.449545	0.026196	0.133697	0.159892	1	0	1	1
6	0.162911	0.471123	0.531505	0.136132	0.102819	0.156549	0	1	1	1
7	0.582265	0.580297	0.514567	0.155602	0.133046	0.129081	1	0	1	1
8	0.125175	0.544906	0.533689	0.162806	0.152253	0.134127	1	0	1	0
9	0.253300	0.555962	0.496997	0.052261	0.144071	0.091810	1	0	1	1
10	0.109630	0.554484	0.475483	0.154909	0.119558	0.144138	1	1	1	1
1	0.564445	0.531970	0.611150	0.068166	0.126160	0.162577	1	0	1	1
2	0.208657	0.532609	0.511647	0.074878	0.135945	0.127846	1	0	1	1
3	0.163774	0.502245	0.523642	0.028655	0.137180	0.108525	0	1	1	1
4	0.052132	0.516304	0.568436	0.044439	0.171623	0.127184	0	1	1	1
5	0.105591	0.535489	0.560795	0.169700	0.123425	0.188385	0	1	1	1
1	0.174927	0.533777	0.555450	0.028383	0.146732	0.118348	0	1	1	1
2	0.183926	0.533878	0.581830	0.034583	0.185810	0.151227	0	1	1	0
3	0.168658	0.587907	0.623690	0.047519	0.113077	0.152011	1	0	1	1
4	0.166856	0.543186	0.551519	0.183901	0.158824	0.123377	1	0	1	1
5	0.093527	0.529594	0.549885	0.153703	0.138701	0.120717	1	0	1	1
1	0.126471	0.471268	0.546321	0.040973	0.132378	0.173351	0	1	1	1
2	0.062579	0.562060	0.499481	0.044733	0.128657	0.173390	1	1	1	1
3	0.521062	0.533726	0.487640	0.157102	0.177489	0.127642	0	1	1	1
4	0.613774	0.532593	0.591276	0.061022	0.154908	0.093886	0	1	1	1
5	0.135209	0.572290	0.495721	0.036612	0.114475	0.151087	1	0	1	1
1	0.574976	0.571689	0.547815	0.057298	0.159472	0.102174	1	0	1	1
2	0.623267	0.564823	0.545396	0.094743	0.149067	0.054323	1	0	1	1
3	0.081389	0.615185	0.533796	0.096185	0.133678	0.089283	1	0	1	1
4	0.521860	0.514904	0.490544	0.125396	0.123746	0.171414	1	0	1	1
5	0.615551	0.657188	0.514615	0.155603	0.161285	0.111147	1	0	1	1
1	0.337530	0.518582	0.492484	0.136512	0.153679	0.117981	1	0	1	1
2	0.327638	0.543191	0.566877	0.057093	0.187901	0.130809	1	0	1	1
3	0.623254	0.575456	0.510059	0.030399	0.172257	0.141859	1	0	1	1
4	0.162482	0.501541	0.448803	0.026470	0.138052	0.111582	1	0	1	1
5	0.588817	0.518961	0.446427	0.044921	0.130389	0.175310	1	0	1	1
1	0.014447	0.523665	0.509219	0.059167	0.178782	0.119615	1	1	1	1
2	0.020500	0.498309	0.518809	0.065925	0.162096	0.096170	1	1	1	1
3	0.037218	0.451399	0.488617	0.014057	0.171579	0.157522	1	1	1	1
4	0.031327	0.516241	0.547568	0.031269	0.095768	0.127036	1	1	1	1
5	0.116448	0.598329	0.587547	0.019280	0.149772	0.130491	1	1	1	1
1	0.591117	0.538363	0.538027	0.142549	0.112702	0.163777	0	1	0	1
2	0.598730	0.558811	0.491459	0.151875	0.138413	0.185972	1	0	0	1
3	0.595582	0.492438	0.556911	0.186648	0.192861	0.143297	1	0	1	0
4	0.530995	0.491618	0.402595	0.203425	0.104756	0.216270	1	0	0	1
5	0.615043	0.562146	0.471808	0.128371	0.113463	0.166920	1	0	0	1
1	0.473094	0.498174	0.472327	0.150529	0.098483	0.174445	1	0	0	1
2	0.558283	0.551091	0.459090	0.133964	0.162359	0.098368	1	0	1	0
3	0.542518	0.504503	0.481119	0.136614	0.170796	0.119020	1	0	1	0
4	0.485680	0.516747	0.520659	0.142899	0.111445	0.138843	0	1	0	1
5	0.572634	0.525891	0.560483	0.144708	0.135637	0.151874	1	0	0	1
1	0.598436	0.589890	0.609366	0.145643	0.147971	0.115301	1	0	1	0
2	0.618636	0.522006	0.492397	0.162179	0.142000	0.119131	1	0	1	0
3	0.571911	0.552625	0.538071	0.169176	0.130565	0.131742	0	1	1	0
4	0.518641	0.502770	0.483904	0.152967	0.175722	0.117010	1	0	1	0
5	0.587803	0.536707	0.506320	0.171073	0.136564	0.116055	1	0	1	0
1	0.535042	0.546399	0.491330	0.173664	0.158684	0.118249	1	0	1	0
2	0.528738	0.566240	0.509825	0.142673	0.118368	0.168993	1	0	0	1
3	0.558204	0.560024	0.482852	0.124337	0.131177	0.162489	1	0	0	1
4	0.553702	0.601873	0.498862	0.116217	0.096416	0.121453	1	0	0	1
5	0.560399	0.460159	0.522708	0.146201	0.096857	0.166514	0	1	0	1
1	0.621450	0.583095	0.564666	0.169667	0.126046	0.154345	1	0	0	1
2	0.607512	0.553439	0.535705	0.137241	0.143729	0.098116	1	0	1	0
3	0.558391	0.528623	0.497226	0.146835	0.106263	0.135368	1	0	0	1
4	0.546984	0.464175	0.512411	0.151260	0.158835	0.095307	1	0	1	0
5	0.496432	0.447768	0.495666	0.123153	0.087479	0.122733	0	1	0	1
1	0.591340	0.523260	0.462873	0.148361	0.164792	0.094193	1	0	1	0
2	0.510253	0.529218	0.406421	0.132448	0.150019	0.095463	1	0	1	0
3	0.462285	0.388350	0.529212	0.134897	0.139946	0.103966	0	1	1	0
4	0.553696	0.534310	0.452056	0.161258	0.154104	0.142309	1	0	1	0
5	0.581663	0.615363	0.512160	0.173575	0.120066	0.157215	1	0	1	0
1	0.620262	0.604267	0.558755	0.187270	0.162314	0.145417	1	0	1	0
2	0.525907	0.486632	0.525826	0.137044	0.123716	0.147537	0	1	0	1
3	0.472720	0.352455	0.538793	0.169213	0.130020	0.135822	0	1	1	0
